# 150 feature vectors of dim 16
5.6885314 0 0 2.77459598 2.96426725 0 0 0 0 0 3.483459 0 0 0 0 2.05879736
0 0.016026631 0 0 0 0 3.10163236 6.6392231 6.43830538 1.56342852 0.871007442 1.09882057 1.06549466 0 0.863341212 4.1448946
0 0 0 1.52999556 0 0 1.05852485 0 0 0 1.11861062 3.12837982 0 0 5.07948971 0
3.53866601 0 0.0495883375 2.39886069 1.59962106 0 0 0.355739772 0 0 0 0 0 2.96373367 0.816979051 0
0 4.08428431 0 4.40326405 0 5.19641876 0.14054209 4.33432627 1.63206267 4.94709539 9.01655579 1.6903851 0 0 0 0
2.39156651 0 0.408572853 0 6.88952208 2.81850266 1.17179704 5.20678139 0 5.84907007 0 3.32583046 3.79800153 6.66646242 5.50784588 0
0 1.9074316 5.97767448 0 0 8.68458557 7.94119787 8.22528458 5.06231594 8.22809219 0 0.73315084 0 0 0 0
1.66108513 0 0 3.67024136 8.18739796 6.63431215 5.07400131 0.0245103985 0.177451685 0 3.66140103 0 0.672535717 4.2905612 4.36825466 0
1.01659572 0 0 0 0 0 5.27320623 0 0 0 0 7.14207602 0 4.98842001 3.90966058 0.310468316
0 0.996100724 0 1.57201326 3.94125843 0 4.29798126 5.61405277 0 6.9076457 2.72459984 9.07204342 0 0 1.4281565 0.505821228
0 0.834821284 0.116150036 0 0 5.54078817 0 0.462934792 7.21593237 0 0 1.73143101 1.44483387 2.24780846 2.26285934 3.45650172
0 0.608412921 0 0 0 2.67156982 0 0 7.07371664 0 0 0 8.89867401 0.533142805 3.30969453 0
0 0.221979186 0 1.13607407 0 0 0 0 0 0 0 5.04436541 0 5.35513449 1.72458458 2.28177977
0.398617148 2.14717698 6.13736486 0 3.14608502 0 0 0 0 0 0 2.60805821 2.84994698 0 0.94852984 1.03856182
1.06510305 0 7.47791767 0 5.30724287 0 1.96009445 0 3.23283505 0 0 0 0 0 0 0
0 0.10910292 0 2.62396979 0 4.59065199 1.16953826 0 1.18513489 1.86849678 0 1.05775893 0 1.2161938 0 0
0 0 0 0.627970397 0 0 0 1.24612653 2.80643415 2.43776655 0.766524196 1.44819713 0.327175111 0 0 0
2.38506985 0.145060867 1.86381221 0.55675745 10.0854511 0 0 0 0.311186582 0 5.76414585 8.5312376 0 0 3.67356181 0
0 0 0 2.87648916 7.41183805 1.85497916 3.11441827 5.28986645 0 6.09437275 1.6042943 2.1197648 2.4503305 1.30234325 0 0
0 0 0 3.92490363 0 0 0.807529032 2.85816574 0 4.65364599 0 7.92522812 0 0 0 0
2.11662316 1.27681351 0.616678774 0 0 0.115906507 0 1.89067924 12.0703268 0 0 0.305057049 5.75828266 0 0 1.11104989
0 0.724538624 0 2.43234205 4.25666714 5.08439827 1.38964939 0 0.156627834 0 3.65732932 0 0 5.2211051 5.33966684 0
0 0.683563769 0.570387125 2.70761895 7.90171146 0 3.64431024 0 0 0 5.64420557 5.19475079 0 0 0 9.57385731
0 0.338967443 0 1.87278843 0.439427018 0 1.52638829 0 0 0 0 0.34737277 0 2.63737249 2.53447437 1.5813272
0 1.85643613 0 1.1013484 0 0 0 0 0 0 3.08071256 0 16.0877972 5.46917057 11.5633183 6.23481321
3.85095716 0 6.71565676 0 0 0 10.3293009 1.80645084 3.56650305 0 0 0 0 0 1.24460328 3.54833865
0 0 1.40816069 0 0.617705524 0 8.74164486 0 0 0.66832763 0 1.46512997 0 7.28447342 0.0592416823 0
4.44750738 4.26302338 1.19590819 2.85768676 0 6.85091352 0 0 0.740572453 0 1.23126256 0 2.38850164 3.06682134 0 6.27029991
0 0 0 0 0 0.374168396 4.68490934 3.48413563 4.08603907 0 0 0 1.95520151 0.803938746 1.56694305 3.55887055
0 0 0 5.67232275 0 0 0 0 0 4.65085316 6.45091295 0 0 0 0 0
0 0 4.08577681 0 0 0 11.3821068 3.74975777 0.325131327 0 0 0 0 0 0 1.09141886
0 1.85703099 13.2366476 0 4.39569378 6.87852144 2.06774735 0 5.43703222 1.23771894 0 0 1.25021756 3.40198302 0 0
0 4.13840628 0 0 0 0 0 3.24473023 2.26485229 1.78340709 0 3.38286352 11.5432072 0 1.44606328 1.29054415
0 0 0 3.31882834 3.68551111 0 6.60921049 1.15646672 0 0 2.06653214 1.9079783 0 0 5.02437639 0
0 0 6.16035843 0 0 1.40946543 7.97139168 4.23354769 3.83821845 7.47457933 0 0 0 2.66582894 0 3.07968688
0 0 1.31581068 5.77079773 0 5.92953539 2.38131118 0 1.04934049 1.11593008 0 0 0 6.69416952 0 0
0.208022073 0.0576175451 4.06222391 0 0.122762755 0 0 0 0 0 0 1.68580103 0 1.47549927 0.0634724349 2.93143201
0 0.160908997 1.38637996 4.26473856 0 0 4.23541594 0 0 5.15660334 1.29036725 0 0 3.94104958 3.27740002 2.83099198
2.25368714 0 0 0 0.578185022 8.61379433 0 0 5.45889521 0 0 0.800331414 9.04161835 1.48489082 2.34712219 0
0 0 4.91556931 0 7.31033754 6.63455629 0 0 5.69423962 0 0 4.92959213 0.86845696 1.95326304 0.0131507218 0
0 3.35250306 0 1.61570644 2.80010653 6.25697279 3.33461976 2.11683512 0 3.68051362 0.857815504 4.27206564 0 9.35902882 1.93221951 0
0 1.57901704 1.65175045 0 0 2.95050168 2.96244192 4.31393766 8.19219971 0 3.34906149 0 0 3.0252018 0 4.37474155
0.795388281 0 0 0 0 0 1.44479251 0 1.55237913 0 0 0.869704604 0 10.2203741 4.45643806 5.08516455
0 0 0 4.43363094 0 0 4.14535046 4.92088461 0 0.430858552 6.21504879 0 0 0 0 5.40097761
1.1987282 2.91219592 0 0 0 0 0 0 7.152493 0 0 2.20135283 6.96686888 0 0.408456326 6.10434151
0 0 6.75250387 1.08205688 11.6939325 0 4.14541483 0 0 3.41251731 0.650520205 6.72808743 0 0.329253554 2.82516861 0
0 1.90629327 2.19631124 0 1.64897096 4.20046234 5.19970512 6.52703476 2.89522886 0 7.10819864 0 0 0 0 2.62348413
0 4.33081245 4.28345346 1.81433463 0 6.96709633 3.64818001 7.08561134 5.94592905 17.1694794 0.314202011 0 4.74495935 0.316010922 0 0
0 0 7.50242662 0.0847369358 0 0 1.73457289 1.28658056 2.30531526 0 0 0 0 0.530000567 0 5.95925951
0.210332185 2.28882337 3.05560875 1.06112063 2.80865169 0.15491271 0.367461234 0 0 0 0 0 3.98532367 2.31121469 0 3.0232439
0 0 2.11865687 4.31809521 4.72923851 0 6.16480923 0 0 0 7.09270334 0 0 0 0 1.12303162
0 2.29007649 0 0 0 0.89949888 3.41842318 2.40832496 1.81624794 2.08887935 2.78938699 3.42047668 0 0 0 0
2.20983434 0 0 0 0 0 7.22039557 0 0 0 0 0.232313097 0 0 0.841345966 0
0 0 2.98423743 0 9.1386919 8.49478531 7.74718189 0 0 0 0 1.1106472 0 6.1357975 0.218990937 0
0 0 6.18595409 0 0 0.21056734 7.24155855 0.819345653 9.73634052 0 0 0 0 0 0 4.50467205
0 2.88496566 1.97482574 1.01963103 0.774886727 0.268395483 0.876342952 3.97619295 0 3.59732175 2.99866176 0 3.78427839 1.34703469 0.535096169 3.08057332
0 0.439622819 5.03604412 0 2.34806561 0 0.588442266 0 1.01630235 0 0 1.08409059 0 0 1.8401897 0.50355047
3.8916986 0 0 4.99862814 10.3108501 0 0 0.884730756 0 1.75816023 4.01796436 0 0 2.97169089 2.90166974 4.5523448
0 4.27599859 5.40070772 0 0.638291597 1.29962337 0 0 0.60243839 3.37647533 0.37362057 0 0 1.102651 1.45662487 0.312715113
0 1.62632704 9.14919662 0 1.25540006 0 2.726125 1.91460562 0 1.53454411 0 0.205596775 0 0 0 7.01879549
4.57005835 0 0 7.09236097 6.37676191 0 0.856715977 0 0 0 3.9439013 0 0 0 1.72028756 0.122155495
0 4.02512074 9.87216949 0.00874146819 1.22705579 4.03403091 0 1.98791504 5.37527466 5.82005644 0 0 7.58312845 2.34055638 0.559108675 6.14618301
2.08847809 1.20437348 5.71355104 0 4.58142138 0 0 0 5.76124954 0 2.43577719 5.23792839 0 0 0 2.82865739
0 5.17887545 4.79576349 0 0 4.31983757 2.44867373 5.95037699 9.32202339 1.18614161 0 0 0.958032608 0 0 0
0.449402213 0.0759651959 2.36098647 0 0 0 1.37717307 1.43938947 2.37440467 0 0 0 0.168010503 0 0 7.34240341
3.44568133 0 0 7.83834887 7.66875029 1.65685117 0 0.37155968 0 2.12894773 8.90025425 0 1.62317646 4.18623018 3.70811033 0.388420463
7.1524682 0 0 6.507195 0.54565829 0 0 0 0 2.40305281 0 0 0.0846117213 2.4429934 1.34139919 0
0 0 1.29261458 3.47651243 0 0 4.66708469 0 0 0 0.51235956 0.924391985 0 3.67126751 1.76407826 3.03799725
0.698880613 0 5.13248014 0 5.01106691 0 7.26134968 0 1.31315494 0 0 0 0 0 1.57272053 0
0 0 0 0 0 0 9.92048836 7.34359598 5.87874269 0 0 0.549482703 4.15257692 0 5.18720245 0
0.0145296752 0 7.64815474 3.53020263 7.45599604 0.0183013976 3.98633361 0 0 5.27924728 3.09496236 0.801507413 0 0 0.990250707 4.38172579
0 2.30698299 5.22491455 1.88585365 0 0 2.15492153 0 0 0 0 0.188329816 0 1.91752422 2.21004605 2.92209268
4.43115187 1.76032352 0.511328876 0 0 7.83414173 2.75990033 8.04701233 9.44670868 6.04107523 2.18783021 0 1.8337425 0 0 0
0 0 6.20619631 0 0 0 3.48814392 0 0.733773232 0 0 0 0 0 0 4.35149431
0 0 1.54953825 3.08981037 5.51336575 0 1.45086956 0 0 1.72472656 3.94128227 0 0 2.43154836 1.64556539 0
0 3.80864167 2.68963313 0 0 8.60885525 5.93189144 1.45154798 1.52099442 4.90401268 0 0 5.33423805 2.6290772 0 1.29917562
2.11490297 1.52345276 0 7.16563702 0 0 2.37940907 0 0 6.60537529 2.48240995 2.78260779 0 5.34284544 5.66053772 3.24918652
1.24520946 1.39481044 5.69260216 2.39738512 10.5756025 0 0 0 0 7.52128744 0 4.5872798 0 4.95891428 0 4.24056292
0 4.29698038 0.741270483 2.14298463 0 0.458171129 0 0 1.12286317 0 1.77554703 4.15154409 0 2.57961941 0 5.47994328
8.01309395 2.30586624 0 0 2.18327117 2.59214687 0 0 0 0 1.66217375 0 8.01508427 0 6.14693451 0
0 1.87960005 3.46182704 0 0 0 0 0 0 0 0 0 1.66521943 4.17022753 0 3.91024661
0 0 0 6.10480118 0 0 0.977108777 0 0.127250552 0 1.72534966 0 0 0 6.21506214 3.24267125
0 1.31233943 4.67127562 0 0 0 2.62436652 1.31739175 0 4.80680466 0 0.632790387 0 0 0 6.3562212
0 0 2.13985872 4.33238506 1.68164599 0 0 0 0 2.03256083 0 1.07455206 0 0 0 0
0 0 2.36603642 1.23816299 4.84083366 0 1.02911818 0 0 4.97207117 0 6.21359158 0 4.66004086 3.92214751 0
0 0 2.59514713 0 0 0 6.12327909 6.81165791 3.12255836 6.19470692 0 0 0 0 0 1.2724458
3.43540883 0 0 6.27448845 1.81513906 7.53747797 0 3.28791189 1.11965144 5.21629429 5.2489872 0.557080388 0 0 0 0
0 3.30962968 2.15761304 0 1.445099 8.18522549 5.1564517 0 1.80073583 0 0 6.09593344 0 2.08022738 1.79995656 0
0 1.44941032 0.403840482 2.25584149 0.702439845 0.320527732 0 0 2.01229954 0 2.95029044 0.156420812 0.782772899 0 0 1.66853976
9.78505707 0 0 1.97499287 6.57471895 0 0 0 0 0 5.87353611 3.40978098 2.23252106 0 0 0
0 0 4.33360195 0.428297579 5.7562418 4.96194839 1.12879837 0 0.550249279 0.0901049897 0.981285453 0 0 5.61215878 0 1.01473331
8.528368 0 0 7.64156532 0 3.027596 0 0.701795399 1.15519786 0 7.5172143 0 0 2.1360333 0 0
0 0 4.901546 0 10.3843718 0 3.71477365 0.882045448 0 3.94743347 0 7.25817633 0 3.28469491 2.37728763 0
4.82480669 1.08471882 0.848844469 0 0 7.51771641 0 0 4.72797012 0 0 0 0 4.99892473 0 2.10866785
7.45813036 0 1.74301291 0 0 0 0 0 5.41745853 0 0 0 6.15079546 1.24993837 0.694529057 4.55386162
1.49392724 2.39683461 0 0 6.37563705 4.04299831 0 0 0.309871912 0 0 7.62596703 7.3740654 0.555496514 2.93864512 0
3.254426 2.7630558 0 0 2.53005457 5.52300358 0 1.49694192 2.59048414 0 1.70826912 0 10.8235149 0 2.42513728 0
0 0 5.76573515 2.54099226 0 0 10.8564196 4.46785784 1.24334466 4.29588366 0.980906844 1.12574053 0 0 0 0
0 1.58683646 2.48281169 0 1.92820942 0 0 0 0 0 0 8.72651196 1.15794778 0 1.08578408 5.4163208
1.45901418 1.14487052 1.232476 2.58014822 1.53671956 0 0 1.17635691 1.82454562 2.35992193 5.23422909 0 0 0 0 3.11686826
0 0.296496391 0 0.213291734 0 0 1.40879273 0 0 2.76168013 1.13960516 0.654805481 0 0 0.837267935 0
7.95050812 0.858952105 0 0 0 0 0 1.18834186 10.8570709 0 0 2.84464574 7.81452465 0 0 0.612770796
0 1.61270177 2.45095587 2.73473644 0 0.886873007 1.68220854 9.27826118 1.92167377 10.5360632 2.58592176 2.53926587 0 0.191989422 0 0
1.86922646 0 0 2.3380518 3.11807799 0.442515612 0 0 0 0 1.84653831 3.38216543 8.78484535 0 1.25196624 0
0 1.04452503 3.62025356 1.07503331 3.91783118 0 0 0 0 0 0 5.78645945 3.89162922 0 3.73732567 6.27917433
4.2457118 0 0 0 0 0 2.43514943 0 0 0 0 0 0 0.723558009 0.305911422 0
0 0 2.3737967 0 4.41864967 6.20890903 1.12741876 2.0716126 0 3.7427268 0 4.57831526 0 8.95856857 3.21759963 0
0 0 1.53116274 2.78892636 7.8910985 0 5.69744968 0.849919319 0 0 2.71102881 5.65110397 0 2.06093049 1.09391773 0
0 0 2.27966046 1.00373864 0 0 0.429802775 0 0.998563409 0.357067585 0 0 0 1.30089939 1.08534896 0
3.62345934 0 0 0 6.99381924 0 0 0 4.0830369 0 4.2326827 0.962595761 0 0 0 0
4.29490423 0 0 0 0 0 0 0 7.51408434 0 0.813199043 0 2.8960917 0 0 3.88128066
5.14357758 0 2.77198267 0 2.35273552 0 0 0 7.24154854 0 0 1.71499944 5.002213 2.48855305 1.71224737 0
0 0.391249537 2.01575375 4.40029097 6.14529467 1.90470028 0 0 0 5.64937115 0 0 3.26815224 8.87802124 0.725777447 0.072879523
0 0 1.61580622 4.87880182 0 2.90172863 7.46667767 4.15793705 1.10678983 4.66243696 0 0 0 0.691277742 0.439061522 0
0 1.53643429 0.738025784 3.04988241 2.91597414 0 6.10603333 4.77272987 0 0 6.26497984 0 0 0 0 5.00040102
4.13534689 0 3.22664523 0.6300174 4.47596121 1.93870103 0 0 0.968190074 0 2.12019777 0 0.229590848 2.70183778 0 4.13536978
0 1.10938895 0 0.299414515 0 0 0 0 0 2.90487289 0 2.23627114 9.65492153 4.4699378 3.61777687 0
2.46005106 0 0 0 0 0 3.86027384 0 1.02686906 0 0 0 0 0 0 0
0 0 4.30549479 0 0.40420866 0 0 0 0 1.95729649 0 0 0 4.01177073 0 0
2.93905354 0 0 4.717134 0 0 1.96720266 0 0 0 2.154037 0 0 1.00566435 2.46881986 8.08992004
0.244330302 0.993510067 0 0 0 0 0.174472854 2.04516339 3.09774542 0 4.49999142 5.54715157 0 0 1.85723078 1.1863755
4.14241982 6.92117262 0.309703022 0 0 1.52193725 0 0 5.29656839 0 0.21248503 2.37469387 6.12776279 0 0 2.69762874
0 1.76654744 7.93630314 0.762813389 0 0 0 3.25686431 1.23536217 7.32727194 3.16143966 0 0 0 0 1.93464267
0 0 0 3.34399438 0 0 4.74991035 4.36946058 0 6.7507081 3.92528749 0 0 5.25144815 5.20488405 0.0331108421
0 2.61771178 5.68818426 0.358690381 0.00155988336 0 0.0266107619 0 3.65729356 4.39528036 0 0 3.66012263 1.19417381 0 6.66599464
1.97226059 0 4.02704906 0 5.92519331 0 1.4434154 1.16150165 0 0 0 9.4774313 0 0 0 0
7.81516314 0 0 0 6.65076876 0.826535523 0.396846235 1.92781711 0 0 2.78564739 2.63914633 2.48517108 0 3.65313911 0.797749341
0 0 5.45199537 6.35833454 8.63524437 5.70242596 3.03137875 1.0288372 0 3.8996315 1.12913001 1.71407604 0 3.34751225 0 0
6.7076087 0.81599462 0 0 0 2.56821036 0 0 9.40752888 0 2.33126831 0 5.83307981 0 0 1.22723234
0 0.204508424 0.114674352 0.208764553 0.674047351 0 0 0.483241498 0 0 2.18972659 0 1.32009602 0 0 1.06789565
0 0 0 2.71856165 8.5903101 0 0 4.75773001 0 0 6.85324812 11.3665447 0 0 7.53021526 0
0.517880976 0 0 0 0 0 3.80024314 5.5700717 6.08017874 0 0 0 6.00869846 1.3026768 3.67464447 6.721766
0 1.53297532 0 3.15839624 0.0731571913 1.3989625 1.37838459 0.337166846 0 0 3.71522999 1.25521362 3.52359533 1.81041038 4.61264133 1.0270021
3.6016717 0 3.19843102 0 12.6943207 6.52901649 0.74396199 0 0 0 0 5.45043993 0 0 0 0
0.482989907 0.722041726 3.49695516 0 0 2.28785491 0 1.45075428 9.88831234 0 0.727486253 0 1.83127439 0 0 3.33761716
0.107979655 0.0817808509 1.55133235 0 0 0 0 0.0569332838 0 5.02358627 0 0 4.02918768 4.26025295 1.10324335 0
2.31187296 4.55949593 0 6.34749126 0 3.74658656 1.64913952 0 0 3.58696318 1.29868662 4.96967554 2.24895167 5.15383959 4.71780634 0
1.77328837 0 0 0 0.82995832 0 0 0 1.37870955 0 0 1.02842498 2.76528072 0 0 0
1.09568584 0 0.0109372735 2.54525089 4.03039455 0 0 1.27910781 0 0 5.19559669 0 0 0 0 2.38590527
0 0 6.32557487 1.03154755 1.08998287 0 3.400424 0 0 5.48160267 0 1.37532461 0 3.25762963 0 6.59209347
0 0 0.0885334834 7.47879839 0 2.08931065 1.97581637 4.04388762 1.39172041 4.32694769 4.43843269 0 0 1.41616154 0 2.01028562
4.14226484 0 0 3.07774973 3.99483013 0 0 0 0 1.36098766 4.57369947 1.87087226 0 0 1.22261846 2.61930108
0 0.41791743 3.03941369 0 0 0 2.63087249 4.19970369 3.29895902 8.93385601 0 0.0705985576 0 3.2222383 0 1.47666025
0.400167286 1.8752054 2.4719727 0 2.00135446 4.95501518 0 3.56997323 4.32483482 0 0 0 7.39840174 0.166052312 0 4.79019308
0.880970538 1.00004673 0 5.80774403 0 0 0.61098063 0.496737719 0 3.95344996 7.96879578 0 0 0 2.26483393 6.29805231
0 0.369336843 0 3.2353363 0 3.43897676 0 0 0 0 2.97266388 0 0 3.13761306 0 0
0.322983742 0 0 3.67698407 0 0 0 0 0 3.14567184 0 0 1.31450438 4.84800863 0.813801706 2.36510205
1.69663477 1.30613708 2.37216115 0 0 0 0 1.65476942 2.77955699 0 0 3.55901861 5.57909393 0 0.200369477 2.80275822
0.511433601 3.38815355 0 2.36166525 0 0.018741563 2.63357258 2.73853254 0 4.9777422 2.97396159 4.37613106 0.29647103 0 3.55797982 0
0 0 0 5.56829834 5.68404341 0 0 0.717389345 0 6.84692955 0 0 0 1.40061152 0 0
