# 150 feature vectors of dim 16
0 3.82889032 0 2.95898056 0 0 5.46834469 7.72656012 0 6.68610907 6.52902317 1.6065675 0 2.53237891 2.26685333 5.02738523
0 1.13459277 4.145823 1.46631384 0.675124645 1.75719452 2.33615351 0 0 8.17980194 0 3.35354972 0 4.90419531 0.743911862 0
4.25370693 0 3.8977015 0.584138811 0 0 0 0 0 0 0 0 0 1.31355929 0 4.85921049
0 2.61036181 0 1.0488677 0 0 0 1.88450885 3.08638287 4.3805418 1.63832903 3.05952621 4.01254749 0 0.303993642 1.04517555
1.70904195 0.950596452 0.056735605 2.99755049 0.607928157 0 1.80352139 0.99187088 0 0 4.89224863 0 0 0 0 0.822796106
0 6.91125345 0 4.92686367 0 0 0 0.493040323 0 2.7745769 7.45033741 0 4.01766777 2.63487577 0 7.18028545
7.01007986 0 0 0 1.43903399 0 0 0 0.923006773 1.44034994 0 2.77853608 2.72042298 1.21410131 5.4514184 0.767484426
1.33765292 0 0 4.66697788 1.61216581 0 0 0 0 0 1.91642106 0 3.45448923 2.22025967 2.97691488 1.71005332
3.49730825 0 1.41226387 0 10.6078329 0 0 0 0 0 1.77160335 3.21510601 0.452064574 0 2.26525164 1.61726987
0 5.14663315 0.918958664 5.06113243 0 1.51096928 6.00971651 8.01156044 0 6.06992245 4.48627758 3.39332533 0 4.18713331 0 6.34272337
0 3.53667974 2.66227388 2.27983284 0 0 1.81023753 2.49424887 0 5.7783823 0.541865706 0 2.72768807 0 1.18836391 2.9278307
0 0 3.87067103 3.73108578 6.44245815 1.47915745 7.65158367 4.42816639 0 2.75682187 3.98273826 0 0 0 4.51742887 2.51131248
1.67882371 1.82960749 0 4.87926722 0.164447963 0 0 2.02334166 0 3.76769543 7.77177429 3.39215326 3.45496821 0 2.42993069 2.11987877
4.48905945 4.63381767 0 0.553507507 0 4.26108313 0 0 0.748542905 3.40240312 0 0 4.01881313 3.04483366 0 2.1656096
1.09545541 0 5.54560614 0 1.71585667 0.350220621 1.64302289 2.44681931 1.49396992 1.04064465 0 6.30156755 0 0.342734933 0 0
0 1.62786138 0 4.07224083 0 0.593764305 4.12659216 2.64233136 0 7.87669802 0 3.40840554 2.54320741 3.43993521 4.47240925 0
0.292117536 2.19695067 1.10803151 0 1.99444199 6.03124762 0 0 5.57658243 0 0.893746734 3.39038777 0 0 0 0
0 1.2255441 4.75423336 5.68780422 8.19034958 0 7.35971642 0.0104678869 0 5.54574776 0.82264328 4.34980536 0 3.9861114 0 0
2.29717946 3.95380688 1.29500306 0 0 0.686116695 0 0 0 0.602048397 0 2.08463621 6.21644211 1.4881897 1.1507467 3.50781989
2.03558517 1.79714453 0 5.21566772 1.86386275 0 0 3.07124376 0 3.58041692 7.8639555 2.91867709 0.897675037 0.677092731 0 3.14758873
3.1400609 0 2.17270589 1.09121251 5.65261173 0.331981003 4.61184597 0 0 0 0.760894775 0.496689439 0 0 0 0
1.45911503 0.966510653 0 0 3.08786583 6.39488459 0 0.808365822 3.02561355 0 0 3.09749436 10.6583366 1.25948548 6.49860811 0.269722164
0 1.22434139 3.38745427 9.00053978 4.51268721 0 1.81998193 2.74938917 0 11.0648184 6.61357355 0 0 0 0 3.2146759
0 2.46237421 0 3.66518021 0 4.35428238 0 1.31132054 0 0 2.26974893 1.28968 0.733168125 1.58936715 1.24922287 0
0.438086689 0 3.80794811 0 0 0 0 0.294373572 3.43993521 0 0.171755075 0 1.21989942 3.05166554 2.76245284 8.00203133
0.52273792 0 0 5.22532225 6.37479973 0 0 0 0 0.560570359 5.36156511 0 2.15360475 1.56760561 3.65693784 1.95518124
2.17697954 0 0 0 4.57350063 3.94724417 0 0 0 0 0.165595055 2.37978458 0 3.59207082 0.229091972 0
4.64896154 3.46593165 2.43919706 0 0 9.73967171 4.70191288 0 4.99712229 0 0 1.87492633 7.85804367 3.44383311 3.88858461 0
0.337540835 1.76532495 5.46483088 2.25287819 0 0 0 1.4740808 0 4.40389442 2.80074835 0 1.52798486 0 0 6.68296289
2.53293872 1.47255063 0 0 3.67716813 6.79749632 0 2.40489364 7.89840841 0 0 0.232076377 12.3663654 0.919123411 0 0
0.225864381 0.0756849945 0 6.55229855 0 1.19810748 0 4.13375473 5.01193047 2.6696012 5.11964178 0 3.97058678 1.36180377 3.57294059 7.55455303
0.694895267 2.19583178 1.81548643 0.540381968 3.23091865 2.87055731 1.62974095 0 0 0 0 2.92346764 5.17487144 5.13199902 7.50903511 0.969984531
0 0.764678657 5.86573029 6.55300474 8.30367279 3.07732749 0.377080947 5.40288115 0 8.55379391 4.3544302 3.7146349 0 2.15027666 0 1.29914033
0.86953938 1.4320817 1.96013939 4.21349144 2.05552125 0.199688971 0.862800717 2.08072901 0 8.70126057 3.81608486 0 0 3.105932 0 0.375820488
0 1.26119876 2.03714895 0.913722038 0 6.26468611 0 0 2.71405578 0 0 0 0 3.77138805 0 0.706700444
4.45901108 0 0 3.23804975 0 0 0 0.844632804 0 3.13772321 5.98472977 0.792096734 0 0 1.09916496 8.65216637
2.11761642 1.47038567 0 7.79641342 0 2.51935506 0 2.18800306 0.29278034 2.28610373 6.64403629 0 4.04525042 0 0 0
1.6269275 0 1.79573369 7.27787685 11.6570845 2.79227448 0 0.286811322 0 0 8.34285545 0 0 0 0 0.0890684128
0 0 7.37315989 0.0260357261 0.647484899 0 9.44117165 4.53829718 0 1.84842765 0 0 0 0 0.567290962 1.87782347
0 1.30246031 0 2.68796802 4.09131241 0.0603994429 4.2644558 3.63435221 0 2.34509706 3.4670794 7.05089188 1.78608835 1.17572379 6.83324814 1.61617923
0 0 7.00038719 0.375204146 1.30146456 6.78086901 3.64311123 0 7.08677292 0 0 0 0 3.14153647 0 3.29986572
0 0 0.629113019 2.15233302 0 0 0 0.864970803 0 1.59834588 1.10418797 3.64992714 0 1.89272511 3.02024364 0.824640155
0 0 2.62722301 2.12267065 8.46181202 0.126226574 6.4072485 4.53815651 0 9.1067276 0.601435125 5.01420975 0 1.25353956 4.48343468 0
0 3.18224382 2.11647773 0 0 6.76063871 0.302922964 1.02594805 7.48267174 3.31432295 0 0 0 0.801338553 0 0
0.420975089 0.341804624 0 3.60458446 1.78432965 0.404829383 0 0 0 0 0.822947741 0 0 5.18133116 2.11055088 3.17172933
0 0.892864704 13.8918915 1.53410518 6.75801086 4.02190828 2.936203 5.67050314 4.33758831 1.74765086 4.83453703 0 0 0.617611766 0 9.08259583
0 2.65697813 0.204857498 0 1.71257257 6.95110846 2.24556398 0 3.00840425 0 0.105585724 2.00942612 0.2275711 0.157072276 3.80886078 0
0 0 4.2990303 0.618861198 1.59314919 0 1.39722109 0.780459404 0 1.6523447 0 0 0.122663528 0 0.98508805 5.0200038
0 0 0.430402458 2.55188727 0 0 0 1.6087749 0 5.68824291 0 0 0 0 2.94573283 2.24315882
0 0 4.95947981 0 1.71293032 0 0.706003189 0 0 0 0 1.49092519 0 1.50179636 0 0
0 0.10651949 0 0 4.21437645 3.99736571 3.26801586 3.70493913 7.04550457 0 2.23565054 7.54673529 1.36270714 0 1.03161979 0
0.187469095 0 1.00855517 0 5.96026659 0.213771522 3.22387457 4.11166191 3.50116348 0 0 2.23401737 2.54219961 0 7.1287303 0
0 4.26167107 4.89154053 0.95878613 0 5.83759642 0 0 4.79997063 0.806202233 0 0 3.57728529 0 0 2.80602813
0 1.28274477 2.41678762 0 0 0 4.17578554 2.98230791 0.845169425 0.592565477 0 0 4.0535984 1.08365297 2.88586545 3.70209765
0 0 7.44864321 0 5.27619457 2.44293833 7.18741608 0.143158406 0.715897083 0 0 1.17713857 0 2.80504942 0.344269425 0
4.1805191 0 0 0 1.4727062 2.06923842 3.37958241 0.611792266 7.94451714 0 0 4.09356976 8.09389496 0 5.22760677 0
0 2.98753858 0.95198071 4.23659658 5.98189926 9.4929924 2.62999439 1.79698002 0 10.6279392 0 2.3097887 0 1.29142988 0 0
0 0 1.82843983 1.65370548 7.66462278 0 0 0 0 1.27820539 1.04385328 4.72084856 0 3.33777332 0.690178573 2.9217782
0 2.45874166 0 2.63448906 0 1.06664681 0 0 0 0 2.71432233 0 5.31033754 3.0879395 1.03072095 3.38550472
4.53677034 0 0 5.91994381 6.84123468 0.261589229 0 0 1.44019282 0 7.23784208 2.4060955 0 0 0 0
0 1.21645391 0 4.10678911 0 0 0 6.58927441 0 5.60569859 0.392166376 9.0764122 4.48329163 0 5.97228384 0
2.17770672 2.57355714 0 0.22959739 3.12906981 4.70681715 0 1.6214056 3.06716919 4.92158031 3.48872757 4.93299437 0.0985269547 0.673663139 0 0
3.46281004 0.603758514 3.35441256 1.7360661 3.11497998 2.35872078 0 0.425220907 6.30252409 3.51640105 5.90308046 0 0 0 0 2.89033294
2.26777601 2.05721641 0.428328931 0 0 1.97939706 0.609835446 0.860613942 2.04507589 2.25991631 0 7.42289209 1.78625846 0 0.00246825814 0
0.921192169 0.887463391 3.45636988 4.41786671 11.1304264 11.7046452 0.915664375 1.22439229 0 0.514151156 4.26298761 0 0 0.812846541 0 0
7.15040493 0.224809021 0 3.10761189 0 0 0 0 3.02357197 1.75676906 3.74777603 0 1.7056129 0 2.3079164 4.29603195
0 0.247549117 4.0395565 0 0 3.22824979 0 0 2.3512392 0 0 0 1.43806899 1.3084805 0 1.85824668
0 0.447981417 1.59508371 1.93278253 0 2.50554419 0 4.91738272 7.23269892 7.43655634 1.44434285 0 0.798226416 0 0 0
0 3.53189182 0.747492671 0.871269166 0 5.72146273 0 0.917937756 1.13055444 3.95170856 0 1.97592032 0 6.72533846 0 0
5.32790995 0 0 0 0 0 3.67010546 0 0 0 0.329464436 6.04681444 0.471694082 0 7.05872869 0
0 1.44018888 0.837576389 2.27544546 0 0 0 4.30258131 0 5.81498241 3.58800983 0 5.44726038 0 0.124137133 7.81997061
0 1.84488797 7.28278923 1.44232678 1.34950161 0.695903778 0 3.3167851 0 5.34363174 0 0 2.98633218 4.12486839 1.57504976 3.64458656
0 0.822430432 5.55737591 0 5.82432795 0 2.18416882 0 0 0 0 1.85112071 0 1.93207073 0 6.67658949
5.87653446 0 0 2.0555501 1.30918849 0.968693793 0 4.70806837 4.59951878 3.95494604 5.02441406 0.371901929 3.9279654 0 1.67816424 0
0 3.17402315 7.13479424 1.83660173 0 1.66431665 6.36454916 8.03057098 6.40839386 6.94476795 2.15781689 0 0 0.450555503 0 1.58005667
0 3.1045866 0.784541011 0.144233853 0 0 0.92615062 0 0 4.00366306 0 4.78746986 2.336236 0.572288394 6.56879473 0.374579102
0.216323793 0 6.16151285 0 0 0.262553245 1.99572074 1.42244029 7.56867027 0 0.227399886 0 0 0 0 4.06765556
0 0 0 7.47063398 0.925105214 0 5.47426033 1.00179482 0 3.7309885 5.33319664 1.35301042 0 5.10288429 2.28171396 0.958822727
4.6306181 0 0 0 1.67636395 0 0 0 0.283861399 0 0 2.22471428 2.01408648 0 1.42552137 0
3.05986404 0 0 7.08517075 0 0 1.85867763 0.983118296 0 2.72121882 5.82642698 0 0 0 0 1.11224914
0 0 3.26730585 2.96772742 3.10957694 5.12211657 3.17774057 3.88997579 0.989534438 4.41694021 0 3.71579075 0 4.13313484 3.43366623 0
0 4.31519604 3.26388335 0.93278569 3.56955004 4.6295805 0 0 0 1.81585658 1.2457968 0 3.3038187 0.189323068 0 3.50157833
1.28298533 0 0 5.77958679 2.06362247 0 0 0 0 0 5.17971802 0 0 5.42159462 0 7.70388603
0 0 0 4.58662987 1.08043277 4.6887784 1.7658416 4.95652723 1.05744505 3.55401301 6.44018078 0 0 6.68541765 0 0.044762224
0 0 0 0 0 0 0 0 1.28730798 0 0 6.74168491 0 3.30534744 1.24469197 2.31344986
0 4.15219879 4.50468683 0 0 4.77340794 0 0 2.41935492 0 0 2.21551967 1.70187211 3.25062919 0 2.81197953
2.51320767 1.67805123 2.59114552 0 0 1.78144681 3.19651151 1.72567368 3.40784669 0.861354947 0 0.358485341 3.14683104 0 0.121101409 1.48081231
0 0 0 0 0 0 7.2757225 4.05855274 0 0.462573528 0 0.418278605 0 2.40774417 1.04016924 1.10447431
6.03857136 1.08727908 2.56625462 1.8887347 4.53742409 4.89812517 3.52344465 1.53234446 0 8.37331963 0 0 4.62610197 3.47596979 1.92997909 0.0197624862
0 2.41449332 3.61262059 0 0 0 0 0.730105102 0.671667457 2.89089227 0 3.16223431 0 0.204379439 0 6.13263512
2.56513262 0 0 6.03655052 2.82347441 0 0 1.64036 0 3.7887814 5.37493181 0 0.123499602 0 0 1.23134828
0 3.62680888 4.24394464 4.40891123 1.46185648 9.4841938 1.48958588 2.47019339 2.05493832 7.32143354 4.68082952 0 0 4.83898878 0 0
0 0 0 1.75021529 0 0 0 0 1.43865037 1.234653 0.353812754 0 0.265097052 0 0 1.17412615
3.93551254 0 0 0 2.47632694 0 0.650578916 0 0 0 1.54310489 6.14953899 0 0 0.46401903 2.60305524
11.3111591 0 0 0.346595347 0 11.2502308 0 0 10.1821728 0 0 0 8.84442616 2.39188409 0 1.17391753
0.0476613939 3.23245239 0.773648322 0 0 1.47584915 0 2.66491938 1.62181652 0.0344478786 1.47584987 0.225373358 4.97694588 1.92439437 1.30330491 1.26468706
0 0.062302947 8.3241415 2.53810716 0 0.630972862 2.36853814 0 4.62779427 1.62642658 0 0 0 2.20376062 0 2.91886568
0 0 6.02488804 0 5.51117373 0 9.8964901 1.33833599 0 2.29072452 0 0 0 0 1.79581904 0
0 0.775829196 4.75974083 0 4.40528107 4.56886816 2.23462534 4.18861914 5.8281312 2.5754261 0 5.18473196 0 0 0.913717806 0.102262795
2.82464099 1.926494 5.77631474 0 9.40883255 10.4309635 0 0 9.49176979 0 0 2.38177204 0.5595119 0 0 0
0 1.07686996 4.16124249 2.05338621 0 0 2.3657589 1.9812758 5.08522463 4.29172039 0.0972625613 0 1.32514262 0 1.22573018 1.54385519
0 0 3.5858705 3.02202034 0 0 5.67170906 4.25595856 0 4.17755795 0 0 0 4.09615898 0.392898738 4.844944
0.294157743 1.66722322 2.70918751 3.1795671 5.9771409 4.97143602 0 1.1623174 2.14611769 3.1330924 3.37687039 0 5.50519896 2.42274976 2.29060173 3.58036065
0 1.84773886 0 5.37487793 0 0.75223887 0 8.22000313 2.36066508 6.95365334 7.30393314 0 0 0 0 3.79881644
0 3.37045908 5.44082117 0 5.44455528 13.0925541 6.00485706 6.19531345 6.8476491 6.83267689 0 2.62559772 0 0 0 0
4.05440331 1.02310371 0 0 0 0 0 0 0.460727513 0 0 0 6.38868999 0 0 0.200377196
4.49306488 0 0.925106227 3.38679957 0.919158816 0 0 0 0 0 4.30207634 0 0 0.372529685 0 3.79153585
2.41075182 1.82950878 0 0 0 0.855912924 0 4.04006672 6.06702042 1.97310233 2.58307362 0 2.95849371 0 2.3870573 1.73530996
0 4.34816456 0.170389205 0 0 0 2.78130889 1.40432739 1.30294132 0 2.95764327 0.925774693 2.92765164 2.74094415 2.28612709 1.00416934
0 0 0.226770252 0.489271313 0.885307789 5.15049553 6.45329618 1.32800794 2.73014951 0.794820309 0 2.2590518 0 1.53579366 2.53041053 0
5.33634424 0 0 2.31017685 7.04474592 0 2.22962546 0 0 0 5.77314091 0 0 1.08592057 2.13721466 2.94716334
1.81481028 1.56135786 0 0 0.404191017 1.85681677 0 1.29262328 0.627142727 2.06403542 0.49781087 0 3.55675268 0 2.04625511 0
2.98726368 0 0.959143639 1.95827067 7.21489954 0 4.07082081 0.0847458541 0 0 2.09706664 0 0 0 0 0
0 1.48410726 0 1.43266439 0.987918258 2.4632225 0 5.33482885 0 1.48882461 4.57491255 1.68636715 1.58394611 3.36269975 0 1.82746208
0 0 1.38879442 3.87787223 0 3.01318765 3.06239009 4.06151772 2.49567699 3.12798381 1.11441183 0 0 2.31228876 4.05803299 0
0.0637803674 0 2.69714594 0 0 8.09636879 0 0.781384826 5.95109558 0 0 0 2.08447289 3.61398101 0 0
2.09132433 0 0 0 4.23318148 0 1.89187932 0 0 0 0 0 3.66700697 3.59933782 4.8562994 1.00151217
1.75301731 4.2493186 2.27370977 1.05320883 0.508648515 5.43803263 0 0 0 0.806050658 0 0 3.89789438 2.00596523 0 4.57139301
6.11279058 0.37558496 0 1.78037703 2.19168329 0 0 0 0 0 6.15106916 5.30272007 0.901811361 0 1.98366392 8.07499886
0 0.0693871379 0 0 0 0 2.26051092 6.88173056 0 6.07676697 0.0288824439 1.78441465 0.712556422 6.08887291 3.01526618 0.317894846
0 0 2.35279512 3.34155869 2.30262232 2.91296554 7.61285353 4.45761871 0 7.97339153 0.514350891 2.83519006 0 1.72840512 0.547348142 0
0.936984658 0 0 2.13794708 0 0.456988603 1.9198451 0 0.594557166 0 3.71714258 3.49230719 0.368170947 0 7.26682377 2.58148623
7.63982058 3.02930474 2.12158823 0 0 4.99848318 0 0 12.2868662 3.21606827 0 0 4.9105134 0.519952118 0 0
0 5.53615713 7.6288085 0 0 12.2818642 6.1369257 1.23355138 13.1874065 3.75452805 0 0 0 1.43130922 0 0
0.662909865 1.53068244 0 6.31109285 0.660511434 0.573495209 3.79477882 4.35409594 0 3.02931976 9.37835884 1.64981389 0 0 2.51173091 4.76336527
2.60166526 2.69300771 3.57252502 0.425395906 0.139164597 0 0 0.313230664 0 5.65296268 2.17003059 0 3.72009587 1.83633685 0 4.48962212
4.48165512 2.66108394 3.77645755 1.42597961 5.0020318 4.4541893 0 0 0 4.24090862 0 3.79146147 0 0 0 0
0 3.48957634 3.50500417 0 0 6.53788948 0 2.60500956 8.58087254 4.17445517 0 0 0 3.94961524 0 3.02450991
0 0.583744884 2.3431859 1.51457953 4.43016529 1.36173439 4.66738939 2.22711992 0 4.48387623 0.112618715 4.01038647 0 3.66723728 0 0
6.06973886 2.15179682 0 0 1.83977962 4.22009659 2.23221636 0 0.26968503 0 0 5.78535461 9.63755131 2.36680841 10.41325 0
2.31664681 0.407395005 4.71423912 0.680665195 5.46724987 5.4892354 0 0.381631911 0.236247122 0 1.70886219 0 0 2.38797021 0 0
0 0 0.988880277 2.78968573 6.81950617 0 7.32487822 3.27908564 0 1.33762598 5.70311069 4.71111727 0 0 0 2.81650782
0 6.6092186 2.65086532 0 0 0 3.42835307 3.15090394 1.74346769 3.41465759 0 2.48114038 8.6632843 0 2.75249219 4.47559261
0 3.98983192 2.98282218 3.61827922 5.28976965 1.94470823 1.30129361 0 0 9.60281754 0.541479945 2.3817277 0 6.25407124 0 0
0.719240606 0 0 1.42526102 0 0 2.24220061 3.9215672 0 0.794065952 1.99642527 0 2.14520836 0.410405457 0.124041647 0.46014756
0.63476485 0.331324935 0 0 0 0 0 0 2.58648348 0 0 0 9.20801735 0.717801988 7.39694071 4.84415436
0.128631741 0 0 2.1461935 0 0 5.68531609 3.96224809 1.37100458 0 0.554486871 0 0.737229586 0 0.207327306 3.09555221
1.536057 0 3.09609437 0 0 0 0.16718933 2.69832468 9.41519928 0 0 0 0 0 0 9.38672161
2.01479721 1.13911164 0.981897712 3.1860888 2.86896324 0 0 0.14945358 0 2.28914881 6.27182531 0 3.75933504 0 0 6.2403841
5.85317993 0 0 0 2.32321048 4.02450657 0 0.0440577865 1.96368313 0 0 1.59688938 2.93499255 2.27715397 0 0
0.761368513 4.12471581 0.114665866 0 0 4.05610037 0 1.61137402 6.66242361 0 0.572933495 0 6.36917496 0 0.667095125 3.63370681
6.41865873 0.042357862 0 1.67305732 3.12019873 2.53332996 0 1.5094862 0 5.54545879 1.5834446 0 2.65766835 2.85639739 0 0
0 0.317750454 0 8.67624664 0.299169153 0 0 0.573717177 0 2.33336878 7.30415106 2.01701355 0 0 1.31239736 0
0.444990337 0 0 0.415534079 3.01742983 0.993238688 4.11286783 2.26995683 0 0.917975903 0 5.41934824 1.11319089 0 4.56431723 0.151923209
1.91214597 2.02456856 0 2.42480922 4.43924284 6.56374598 1.06728733 0.106351823 0 0 4.25845528 5.53055954 0 4.87171602 0.511680722 1.36333895
0 0.403709888 0 0 0 0 0.426332504 7.06115389 0.544706702 6.61384869 1.415681 2.63337398 1.3484 2.19034195 0.675644279 1.78857994
2.11675596 0 0 5.79464865 5.41954517 0 0.308928847 0 0 4.61153841 1.04050231 5.04895782 0 1.28850412 4.2254076 0
0.0446591675 1.36000347 4.38421535 0 0.300855637 4.90657377 3.78558207 1.5029397 5.19467068 2.16938329 0.922114074 0 0.426631242 4.23197794 0 0
7.41750479 0.217900276 0 0 0.770387113 0 0 0 3.11254954 1.40611231 3.44311452 4.23196316 3.75970888 0 1.64237571 0
0.242140651 1.20641375 0 0 0 0.655268908 0 0 2.90920925 0.66253376 0 0 5.34633541 1.69601572 0.987169862 0
