# ldm.diffusion.cosine_schedule(400), alphas_cumprod
0.999887705
0.999745011
0.999572039
0.999368727
0.999135077
0.998871148
0.998576939
0.998252511
0.997897744
0.997512817
0.997097671
0.996652365
0.996176958
0.995671332
0.995135725
0.994569957
0.993974268
0.993348539
0.992692828
0.992007256
0.991291821
0.990546584
0.989771545
0.988966763
0.988132358
0.987268269
0.986374617
0.98545146
0.984498799
0.983516753
0.982505322
0.981464624
0.980394721
0.979295671
0.978167474
0.97701031
0.975824177
0.974609137
0.973365307
0.972092748
0.970791519
0.969461739
0.968103409
0.966716707
0.965301692
0.963858366
0.962386966
0.960887432
0.959359944
0.95780462
0.956221461
0.954610586
0.952972174
0.951306224
0.949612916
0.947892249
0.946144462
0.944369555
0.942567706
0.940738976
0.938883543
0.937001407
0.935092747
0.933157742
0.931196392
0.929208875
0.927195311
0.925155818
0.923090518
0.920999527
0.918882966
0.916741014
0.914573729
0.912381351
0.910163879
0.907921553
0.90565443
0.903362691
0.901046455
0.8987059
0.896341145
0.89395237
0.891539633
0.889103115
0.886642992
0.884159446
0.881652534
0.879122496
0.87656939
0.873993456
0.871394873
0.868773699
0.866130114
0.863464355
0.860776484
0.858066797
0.855335295
0.852582276
0.849807858
0.847012162
0.844195426
0.841357827
0.838499486
0.835620582
0.832721293
0.829801857
0.826862395
0.823903084
0.820924103
0.817925692
0.814907908
0.811871052
0.8088153
0.805740774
0.80264765
0.799536228
0.796406567
0.793258965
0.790093541
0.786910534
0.783710063
0.780492425
0.77725774
0.774006188
0.770738065
0.767453492
0.764152706
0.760835826
0.757503152
0.754154861
0.750791132
0.747412205
0.744018257
0.740609467
0.737186134
0.733748317
0.730296373
0.726830482
0.723350763
0.719857514
0.716350913
0.712831199
0.709298551
0.705753207
0.702195406
0.698625326
0.695043147
0.691449165
0.687843561
0.684226573
0.680598378
0.676959217
0.673309386
0.669648945
0.665978253
0.662297487
0.658606887
0.654906631
0.651197016
0.647478223
0.643750429
0.640013993
0.636268973
0.632515728
0.628754437
0.624985397
0.621208668
0.617424667
0.613633513
0.609835446
0.606030703
0.602219582
0.598402262
0.594578922
0.59074986
0.586915314
0.583075464
0.579230607
0.575380921
0.571526706
0.56766808
0.563805401
0.559938848
0.556068659
0.552195072
0.548318326
0.544438601
0.540556252
0.5366714
0.532784343
0.528895319
0.525004506
0.521112204
0.517218649
0.513324022
0.50942862
0.505532622
0.501636267
0.497739881
0.493843585
0.489947706
0.486052394
0.482157975
0.47826463
0.474372625
0.470482141
0.466593504
0.462706864
0.458822489
0.454940647
0.451061517
0.447185397
0.443312466
0.439442962
0.435577184
0.43171528
0.427857548
0.424004197
0.420155466
0.416311592
0.412472785
0.408639312
0.404811382
0.400989234
0.397173107
0.393363237
0.389559835
0.385763139
0.381973386
0.378190815
0.374415636
0.370648086
0.366888374
0.363136768
0.359393477
0.35565871
0.351932734
0.348215729
0.344507962
0.340809643
0.33712098
0.333442211
0.329773575
0.326115251
0.322467506
0.31883052
0.315204561
0.311589837
0.307986528
0.304394901
0.300815135
0.297247469
0.293692142
0.290149301
0.286619246
0.283102125
0.279598176
0.276107639
0.272630662
0.269167513
0.2657184
0.262283504
0.258863032
0.255457193
0.252066225
0.248690307
0.245329663
0.241984472
0.238654956
0.235341296
0.232043728
0.228762418
0.225497589
0.222249418
0.219018131
0.215803891
0.212606922
0.209427387
0.206265509
0.203121468
0.199995458
0.196887672
0.193798274
0.190727487
0.187675476
0.184642419
0.181628525
0.178633958
0.175658911
0.172703549
0.169768065
0.166852638
0.163957447
0.161082655
0.158228442
0.155394986
0.152582452
0.149791017
0.147020847
0.144272104
0.141544968
0.138839602
0.136156157
0.133494809
0.130855724
0.128239051
0.125644937
0.12307357
0.120525092
0.117999651
0.115497403
0.113018513
0.110563114
0.108131364
0.105723403
0.103339389
0.100979462
0.0986437574
0.0963324308
0.0940456092
0.0917834416
0.0895460621
0.0873336047
0.0851462036
0.082983993
0.0808471069
0.0787356719
0.0766498148
0.0745896623
0.0725553408
0.0705469772
0.0685646832
0.0666085929
0.064678818
0.0627754703
0.0608986765
0.0590485446
0.0572251864
0.0554287136
0.0536592342
0.0519168563
0.050201688
0.0485138297
0.0468533896
0.0452204607
0.0436151475
0.0420375429
0.0404877476
0.0389658548
0.0374719538
0.0360061377
0.0345684998
0.0331591181
0.0317780823
0.0304254778
0.0291013867
0.0278058872
0.0265390594
0.0253009796
0.0240917243
0.0229113642
0.0217599738
0.0206376221
0.0195443761
0.0184803028
0.0174454693
0.0164399333
0.0154637601
0.0145170074
0.0135997329
0.0127119916
0.0118538383
0.0110253254
0.0102265021
0.00945741776
0.00871811807
0.00800864957
0.00732905325
0.00667937193
0.00605964474
0.00546990894
0.00491020037
0.0043805535
0.00388099975
0.0034115701
0.00297229271
0.00256319437
0.00218429998
0.00183563237
0.00151721272
0.00122906046
0.000971193018
0.000743626093
0.000546373485
0.000379447127
0.000242857233
0.000136612027
6.07179936e-05
1.51797285e-05
1.51797295e-08
