# 64 samples flattened to 64
-0.51079756 1.02827156 -0.35315159 0.122991309 -0.181554303 -1.49722815 0.142104536 -0.524282455 -0.248737097 -0.525238097 2.89221358 -0.59471339 1.31183314 0.352179378 -1.31512427 -0.00799220521 0.247880027 1.5727036 -1.63946426 -1.59253204 -0.154625118 -1.09643877 1.36659753 0.689282119 -0.393504918 0.61710012 0.752840579 0.602252543 2.01754236 -1.16862941 -1.32419407 1.12674356 -0.225540653 0.521760464 -2.0597744 0.13833788 0.49617523 -0.605279565 -0.800693929 0.158651799 0.712770581 -0.743821919 0.280077606 0.373490721 2.99505401 -0.256943107 -0.683797359 1.06211865 -0.0205178354 -0.630507588 0.548507869 -1.58850551 0.528063953 0.896397829 0.997478426 -0.215572059 1.32659531 -0.108640872 -1.02650404 0.0435771458 -0.972385883 0.280290842 0.569985211 1.48411644
-1.45556903 0.558226109 -0.50624758 0.465491235 -0.860426664 -0.852817237 2.01634765 0.169276983 -0.902977765 -1.71020591 -0.136228755 1.45302069 0.561969221 1.15905154 -1.72097874 -0.0589747503 0.845495045 -0.130360767 -0.323162973 -0.711867034 -0.227316856 -2.53219557 0.341462374 1.10483027 0.0957392976 -0.0299304537 0.855258822 -0.0248896237 2.26964855 0.860170424 -1.64989269 -0.0434862822 0.44980073 -0.550595939 -0.820315421 1.12641799 -1.23751569 -1.78754508 1.01143587 -0.998236418 2.15350509 0.463138402 -1.6792134 1.48996234 -0.938731432 2.02926254 0.727409422 0.403503209 0.764191628 -0.840286434 0.346381009 -2.85904169 -1.75177789 -2.95186782 0.0745307207 0.281849951 0.388998747 -2.26788235 -0.695019543 0.854308605 0.175839677 0.664169252 -1.17173827 1.11464834
-0.955421567 -1.00547123 1.23866868 1.90568638 -0.37328732 0.628815293 1.3660841 -0.747591197 0.631863117 0.889452279 0.969295204 1.33736229 0.0667164847 -1.19847059 -0.0629564524 -0.352850974 0.330958068 -0.574968696 0.412627429 -0.378686249 1.25368834 -0.133342117 -1.35129166 -2.31663632 0.482513607 0.711906433 1.28393352 1.33429873 -0.390856534 -0.843680024 0.255460829 0.245594427 1.67590475 0.36471808 -0.145413294 -1.37026465 0.123588867 -1.19371283 -0.0297809038 -0.169666931 1.38840294 -1.42147291 1.07622218 -0.468972683 1.04905665 -0.358882695 0.625100434 -0.823038816 -2.15225697 -0.0164382644 -0.394495755 -0.783025086 -2.13045812 -2.79136825 0.484130502 1.07177508 1.31650281 0.66716677 -0.0344228595 0.974394083 -0.340463817 0.857372105 0.440835238 2.07316899
-1.3578546 -1.01802897 0.414701909 -0.862808228 -0.468473077 0.27619344 -0.557938099 -0.469872415 0.385968655 0.380863935 -1.06966579 -0.990988314 1.32040882 -0.694386423 0.72719115 0.218546763 0.637548685 0.0685825571 -0.885548055 0.35674274 -0.165677249 1.21042609 2.20485711 0.49145934 -0.0376662984 -1.77890432 -0.494553834 -1.71433151 0.276665092 -2.14979172 0.834074795 0.0785044506 -1.67891419 -0.473437577 0.00896456279 1.33643436 -0.813508034 -1.59275818 0.135124609 -1.77227437 -1.69286883 -0.105306827 0.499809414 -0.258652002 0.877949059 -0.0954555273 0.946688175 1.03686595 -1.2688787 -2.18398499 0.506294549 -1.02475452 -0.60502404 0.63024801 1.05177593 1.17204535 1.55225825 0.494863749 0.249542803 -0.531327188 -0.639569104 -0.448207259 -0.244104505 0.128142133
-1.36705947 0.750694931 0.527461827 -0.354704112 -0.609742165 1.36320019 -0.39027071 1.48799109 0.266104609 0.110006712 -1.45459771 1.06156969 0.336983562 -1.97031355 1.1549238 1.52726471 -0.755606413 1.16632664 -0.12521933 -0.86499244 1.31091356 -0.0671466142 -1.19607174 -0.520433187 0.274223328 -0.489580661 -0.133423924 -1.13377655 -0.465692163 -0.174831808 1.15995967 -1.39865756 0.980877519 -0.817182958 1.20576358 -0.206786454 0.00583439041 -0.153925955 -0.419756711 0.918356121 0.70683223 0.154164463 -0.160721034 -0.217798755 -1.01261628 1.82299495 2.33491325 1.37267911 1.08581376 -1.81238091 -1.5646379 -0.418479145 -1.33431268 -0.307922781 -0.316546589 -0.83140254 -0.78996402 -0.177785173 -0.517197311 -0.617404938 -1.22190046 -0.0813176036 -1.12564707 0.239641681
0.280473262 -0.658492088 0.49548468 -0.0758824423 -0.565498292 1.32101512 -0.165190294 -0.385627359 -0.368617803 0.11275813 -1.4778583 -0.417560637 0.372127146 0.100194104 1.05859756 -0.946378708 0.47574544 0.282204568 0.956770241 0.870981574 -0.436804056 0.106960215 -0.624834776 0.149155781 0.954424679 -0.516372383 0.0689996257 2.2702446 0.0576482713 -1.24784517 -1.2302866 0.833610833 0.787730038 -1.07095957 0.0315593407 -0.993071735 0.189719021 -0.476656884 -1.30159307 0.46314922 0.342230916 0.391495436 -0.725053132 1.68138802 -1.2595315 0.703571022 1.73564422 -0.924211323 -1.17132998 0.056980297 -1.4893285 -1.10185885 -0.043698892 0.134956837 -0.451580524 -0.0803284943 -0.0421213508 -1.93752313 1.12462962 -1.24248338 -0.248341888 0.49694249 -0.202529773 1.70642006
1.02820003 -0.958090961 -1.320243 -0.708024025 0.924326122 1.88462222 0.131385714 -2.48604703 0.0994538441 -1.0940026 0.258586854 0.564096093 0.667666435 -1.27074468 0.412764609 0.407663047 -1.58004737 0.00737965899 -0.486183256 0.061569415 0.429751784 -0.601828277 1.08231318 1.33229303 -0.557618856 0.0623555779 -0.0318973102 1.36170018 0.22838138 -0.742051542 -0.401004583 -0.760680377 1.05572784 0.921024323 0.142633811 -0.21668084 0.0026214465 -0.128318623 1.25984085 1.57553458 0.582202733 -1.0701493 -0.448229253 1.17319334 -0.0211087298 -0.382000774 1.27946866 1.05804002 -0.877216399 -0.464587867 -0.0134710204 -0.225086749 1.36856902 0.209046707 -0.570024073 0.711441875 -0.364468127 -0.533318043 1.47887599 0.351328403 -0.191629127 -0.482117951 0.0559078008 0.603782713
-0.888118207 1.55844879 -0.089344129 0.404225737 -0.787743092 -0.0397265777 -0.308351159 0.369715363 0.269367039 -0.699638486 0.364568293 1.05839062 1.70946562 -0.220632598 0.106123962 -0.551228821 1.2651844 -0.617543876 0.202486545 -0.15518482 -0.0895706937 -0.875421464 0.684257448 -0.250223756 0.408739507 -0.795696676 -0.41997245 1.1479857 0.546260476 -0.234568968 0.51019007 1.00361574 0.0230574384 -0.798829079 2.18927193 -0.521597564 -1.5882901 0.684672058 -0.838687301 0.389057517 -0.0401191413 -2.34430408 1.47305083 -0.740857244 -1.20692801 -0.234980002 -0.512736142 0.135591537 1.250139 -1.17153573 -0.253787637 1.39548898 -0.424540102 -0.260509074 0.318217516 0.212479845 0.953751445 -0.32798478 -1.37954545 -0.242660373 -1.38599002 0.0700304732 -0.47380054 0.142592028
0.798234165 -0.930802822 -0.716733277 -1.06967592 0.0962627456 0.276334256 1.2209487 0.934429228 -0.992105961 -0.476162881 0.704886317 0.0257175565 1.36572456 1.44732082 -0.467006654 0.717128098 -0.286206454 0.148708686 1.05556893 1.46983361 -0.938072443 0.96038878 -0.688139737 -0.292677134 -0.435632765 0.145538941 -0.499308646 -0.784578085 1.24758971 0.166720688 -0.333382308 -0.0837743655 -0.827112794 -0.204695821 0.724641442 0.287501365 0.778563261 -0.4386985 0.177688465 -0.13496919 0.548717678 0.0319289416 -0.934120655 0.505389869 0.994664848 2.22549129 -2.63205433 1.79218256 -1.42522526 1.18504882 -0.81649822 0.819066644 1.05346036 -1.92137992 -0.858345807 -0.54518491 -0.757229447 -0.118129537 1.26787126 0.900298893 -0.0258644074 -1.51493847 0.878585458 0.822397888
0.191795304 -0.390371412 -1.19138992 0.753531277 0.356112689 0.497441947 1.75584567 -0.21568428 -1.09236372 0.829388738 -2.15493107 0.506709039 0.5765329 1.39424145 0.907499671 -0.686989188 -0.625994146 1.41599798 -0.257596195 0.00796282943 0.253705472 -0.984950304 1.68195474 -0.915697157 1.29230785 -0.12945357 1.51765072 -2.00614214 -0.449051738 0.976011097 2.15414953 0.690074563 -1.42359817 -0.545852184 0.0589944646 -0.818192124 -0.0237106699 -0.86964494 1.22855222 1.47085428 0.303301394 -1.84987533 0.978502095 -0.434301287 -2.44268918 1.64651847 -0.552970827 1.18513954 0.777189851 -0.0855817497 -1.39315581 -0.365798533 -0.564065456 0.54658407 0.0486806333 0.89318496 1.71255267 -0.159491897 -1.06203592 -0.543013215 -1.18698132 -0.701941073 -1.51054335 -0.167322189
0.0298620723 0.46786049 -0.114526778 0.874528766 0.632453084 0.413066655 1.67868829 0.126978263 -1.68665409 1.74136591 -0.184539884 1.04649627 0.625764668 -0.918123543 0.577854812 0.377650708 -0.211220309 -0.358248711 1.4371736 0.222610384 -0.352417558 -1.04038978 -0.431972921 0.738394499 1.30688024 1.12733352 1.53811574 0.273537755 -1.0316155 0.735995829 0.416266471 -0.44726643 0.338891804 -0.163841158 -1.74640584 0.737751544 0.688495994 0.883781433 1.30907822 -0.560224056 -0.589755654 1.03677273 0.892666698 -0.643603921 0.952795148 0.906415343 0.363499761 -0.121647105 -0.289492875 -0.90454787 0.904952407 -1.25897038 -0.239060983 0.559602201 -0.451086938 0.417153984 -1.68617785 0.872775733 -0.487440407 0.402886868 -0.5549196 1.35639548 0.401483178 -2.09970617
-0.285259306 -1.55294108 -1.11516702 -0.763897479 -0.363768578 -0.788065255 0.444650918 0.327356368 -0.221388072 -0.281775802 -2.05992365 -0.194992855 0.148032874 -0.886618018 0.59978646 0.128353998 0.392029494 -2.02408004 -0.684762061 -1.68219864 -0.0535406955 -0.399122566 -0.646844447 -0.836834013 -1.36906707 -0.430032462 2.09557486 -0.865184426 0.958668411 -0.639944196 -1.06554627 -0.705952704 -1.24621916 -0.321384519 0.301744908 -1.01095092 -0.65318197 0.198223948 -0.116531655 1.7010957 0.876600981 -0.765123904 2.75656915 -0.360872567 -1.53004944 2.02555704 0.871491194 -0.72904104 0.168220073 0.864137888 -0.350573093 1.12881911 0.125650749 0.640887678 0.524691761 -0.0717934296 -0.232299745 -0.622429848 0.512385368 2.01440501 0.616550565 1.43651021 -1.30542994 -0.0167570878
0.943944752 0.200803593 -0.485889494 0.706046343 0.906624675 0.738360405 -0.210793018 -0.17045407 0.155440047 0.835305393 -0.537083149 0.499192774 -0.69923526 0.0964885131 -0.290429652 -1.72189021 1.70736563 0.714311302 -0.191159278 -0.33078444 -0.57919091 1.19233656 -0.713269234 0.0788187385 -1.56929648 1.43207896 0.0731198192 -0.224618226 -0.31526944 -0.400480598 0.248881325 -0.112343527 1.02571154 -1.27718258 1.44506133 0.0647190288 0.0186630581 0.633887351 0.11932376 -0.893637836 0.40284282 -0.0811448693 -1.15710866 0.590910435 0.160336211 0.823963046 0.433909893 -0.565715015 0.794073224 -0.381837964 -0.00947835762 0.399051845 -1.88467407 0.10449595 -1.29429591 1.47295201 -1.67005098 -0.319048703 0.341485769 0.173170105 0.180739433 -1.40518701 0.636240602 -1.36314178
-0.348849863 0.120501734 -0.830059528 -0.784997463 0.899873137 1.01454127 -2.26823354 0.265403986 -1.27985907 0.464743555 -1.40670371 -0.673342526 -0.690318942 0.876335502 2.19545531 1.72661293 0.471980274 1.26180255 -1.35675275 0.533323526 -0.521384299 -1.18443382 -0.00695097679 1.06066215 0.544393837 -1.99646163 0.398471028 -1.07664144 -0.658273757 1.23364973 -0.863922358 0.89623183 0.291457087 -0.14995119 -0.130833715 -1.16329741 -1.30208254 1.44087303 0.782028496 -0.468613893 1.40945709 -0.0334895998 -0.319235444 0.596795082 -0.377209514 -1.13860476 0.623276711 0.0875251293 -1.42837799 -0.955438614 -1.33022702 -2.0714817 -2.16358423 0.403584838 0.270806551 -0.501815319 0.464197457 -0.135696828 -0.435447514 -1.22194993 1.18085086 -0.400544286 1.37402332 -1.16988194
-0.516830623 -1.63131857 0.221866697 0.308131546 0.510129154 0.220260337 -1.26292408 -0.159334779 -1.51199627 -1.24296272 0.921390235 0.238658354 -0.887475669 -0.196996793 0.158495516 -0.0250473823 -0.406059384 0.00910953246 1.26982892 -0.100920022 -1.84387469 -0.388926774 -1.27124083 -0.146160707 0.341629177 -2.40603566 0.732837915 0.608362377 0.648340702 -1.32783961 -1.51200795 0.97639221 -0.446684152 0.280427217 -0.0853559151 -0.371476471 0.751304984 -0.544274151 0.539003015 -0.151242971 -0.0476336218 -0.309530854 -1.6318537 -0.0324740373 0.711592495 0.207666725 1.38241744 1.24193203 -0.476399779 0.523334205 -0.020705523 1.90137613 -0.489126623 0.481640041 0.291036069 0.289957494 -0.793416202 -1.19730604 0.379439145 -0.99948436 -0.16576378 0.00512183411 1.09657741 -0.0295487549
0.076752238 -0.256850839 -1.09879494 -1.42169631 -1.39073491 0.115226991 -0.390897751 -1.90504277 -0.228084818 0.413333625 2.25432444 2.16483903 -0.251687229 0.643238366 -1.16666877 -0.348798335 0.0772758797 -0.205955505 0.370358735 -1.08077919 0.396971256 0.484360576 -1.19151604 0.822073996 2.60037518 -2.50551558 -1.84569907 0.400073618 1.41417325 1.48536515 0.931515634 -1.92142737 -0.377496958 -1.66850603 0.326579571 1.36572397 0.358854651 0.0192144979 -0.144515365 -1.21479118 0.995267928 -0.622598052 -0.683137 -1.6103487 -1.60338628 1.07018757 -1.75552344 1.91350305 -0.293092638 -1.97915804 -0.983584881 1.17449605 -0.880253434 -0.475242585 -0.705666602 0.115462676 -0.934356272 1.80132127 -0.399656832 1.70902228 -0.0726186186 -0.179720744 -0.827647209 1.84401059
-1.88100064 -1.19793725 0.721099496 0.557688296 1.06429613 1.65414011 1.34721196 -1.18215978 -1.21187663 0.543333948 -0.565141916 0.605528533 1.27616501 0.868731022 1.02097487 1.04641306 0.15143846 0.585305333 -0.516797006 -0.700313866 0.3838965 -0.902106166 0.0143534932 -1.23596537 -0.598252654 -0.937424779 0.00839896128 1.410025 -1.19037592 -0.552191854 0.36208725 1.7622577 -1.58249998 -0.328430802 0.385572374 1.15008438 0.134741083 0.756453812 0.58288902 2.609689 0.590286553 -0.293420434 0.448251039 1.03437841 1.05254924 -0.21730563 -2.01142025 0.270809352 -1.31432593 -1.01128018 0.130644545 1.13561022 0.585148275 0.540911555 -0.76290071 -0.90883106 1.51535857 -0.878671527 0.601208866 -0.617231786 0.619329393 0.217668623 -0.290250242 2.25809026
-2.11135173 -1.18002915 -1.3501687 1.42125666 -0.718018115 -0.44252646 -1.45846951 1.75515592 -0.468445182 1.00960851 -0.875120997 0.64157778 -1.92058659 -1.09321165 -0.599469125 0.663657665 1.09650016 -1.67063963 -2.17733765 -0.505195141 -0.715761662 1.33562326 -1.21896482 0.147651374 1.42948842 0.314498931 0.907017291 0.947152495 -0.170318186 0.888585746 -1.17523491 1.51092792 -0.638658106 0.960481465 -0.841219962 -1.78073323 -0.865222514 0.312546313 -0.424386978 2.43563271 0.480287284 0.463727832 1.82914591 0.387750924 -0.924770713 0.418271571 -0.821938753 -0.896715999 -0.934900403 -1.79711449 0.290180296 -1.37316024 1.94059229 1.68585241 -1.05058849 -1.00850475 0.776198089 -1.06761062 -0.273847073 -1.14399612 -0.153626174 -0.268815905 0.33339864 0.869004548
-0.949378371 0.159211829 -1.14112425 1.76034272 0.814145327 -0.639963746 0.206919923 -2.11524725 1.05958474 0.328268766 -0.875693202 0.467675686 -1.99467862 -0.917149425 -0.684916377 -1.57795727 -1.03768492 -0.0087305028 -0.207781136 -0.329003423 0.56266886 0.319888592 -1.22811878 -1.73049045 1.23104036 0.466287017 -0.199831173 0.344464928 0.0545932613 1.25138211 0.193816483 -0.540044785 0.785942495 0.957595825 -0.320357203 -1.01980937 0.636668742 -1.48775506 0.20987466 -1.09965312 0.886228323 -2.51353478 1.12094069 -0.215010077 -1.1467309 0.712818742 0.693718135 1.64465904 -0.87295717 1.05584085 0.659763157 0.0735025629 -0.950877726 1.3970716 0.503750145 0.112313598 -0.206359133 -0.375901282 -0.0188970696 0.9556669 -0.0464488715 -2.15452743 2.30105066 -1.29609942
0.793737113 -0.918059349 1.05361199 -0.837819397 0.312451363 0.270405203 -0.701821148 0.739210784 -1.07616186 1.93883538 -0.181724459 -0.151602283 2.06633854 -0.510265529 -2.00314856 -0.522997677 -1.72321844 -0.78172189 -0.631098151 -0.0775566623 -3.31309152 -1.98844862 -1.03875387 -0.966853261 0.322066694 -0.769935489 -1.82292783 1.0619086 0.38313967 -0.207267955 1.59769106 -0.263848573 0.430346429 -2.50335336 -0.447193801 -0.20874168 -1.09013999 0.461518764 -0.25621438 -2.07020116 0.481232882 -0.251489013 0.51995039 -1.31285334 -0.037359044 -0.538731694 -0.219477609 0.0351985209 -0.311301976 -0.0659854114 0.0161490478 1.31011391 0.0876813978 -1.08358419 0.384335548 0.154262394 -0.270798296 -0.0304262005 0.0507485867 -0.892923892 0.323175251 0.0254444871 -0.0758934766 -0.152255937
-0.614329875 0.794846833 -1.01094437 0.450783789 0.861859441 -0.102436252 0.737501085 1.16053545 0.278985709 -0.253934681 1.07865644 0.141466811 2.04406095 -0.246000305 -1.22825193 -0.632461309 -0.918438137 -0.886294067 -0.662658513 -0.358664006 0.192329705 -0.29632327 0.6537655 -0.246278241 1.57844639 0.715430737 0.740752816 -0.757018149 -0.47710824 0.647402287 1.193694 -0.658895791 1.2271049 0.322784185 0.815401077 -0.112693362 -0.308401287 -0.193517238 0.0860422254 -0.00944499858 0.50691539 -2.54976964 1.10743761 -1.15771604 -0.174397036 -1.16681492 -0.467669129 0.078134194 -0.63474822 -0.748543382 0.92000103 2.13478708 0.687391698 -1.33120799 -0.720439315 -0.365837872 0.803780854 -0.888228655 0.30273658 -0.347231418 -1.20538449 0.439590216 -0.26494199 2.08714008
-0.527444303 0.737189412 -1.42849004 -0.211660281 0.0144123826 0.378130466 -0.418149024 -1.15988052 -1.08787477 1.35543466 0.640407264 1.35523009 -0.782231629 -0.435396552 -0.562367201 0.303906441 -0.786700666 1.48911834 -1.86669695 -0.929340422 -1.04756594 0.367162287 -0.0256079566 -1.20375943 -0.296709657 -0.921879888 1.10329211 -0.339328885 -1.20776701 0.106593311 0.565477431 0.492788732 -0.471393943 -1.41572416 0.617554843 -0.0906297043 -0.246030912 -1.91197419 -0.663127661 -0.961601138 0.0340323225 -0.386256844 -0.285393238 -0.41831553 1.16966295 1.18073642 -0.255203873 -0.222090289 0.74339211 0.95333904 -0.247560591 0.496409565 0.0949730948 1.42307067 0.814045072 0.635007024 -0.923893631 0.921196401 0.111345969 -0.0911076367 0.117926143 1.33485281 0.0451923646 -0.38587907
-1.1769284 0.429369569 -0.120961942 -1.17686093 -2.69333792 0.20313929 -2.0284934 -0.485736907 -0.970122218 0.508202493 -0.0404955447 -0.785800874 -1.40925384 -0.0744378716 -1.24819744 -1.56857204 0.950340807 -1.12526977 0.0630043224 -0.841679692 0.169789791 1.70192087 1.53856885 0.878565967 1.83601379 -1.55526769 -2.195153 0.245237336 0.966654837 1.27546811 1.61904073 1.18711591 -0.363231748 -1.80843329 1.44111419 -0.767791033 0.380222678 2.49342871 -0.442516893 -0.107729241 -0.517278612 -0.610980153 1.39132917 -0.672235072 -0.623883903 1.82521474 -0.0317848288 0.690636575 1.17651308 -1.25540197 0.603933394 0.884035945 0.0342794172 -0.683981895 -0.929956436 0.632690251 -0.0209735092 -1.27305412 -1.00578678 -1.11735952 -2.24825692 -1.37934911 -0.362589002 0.135367438
0.211911529 -0.330628902 -0.632409573 -0.763771236 -0.301506937 -0.87803489 -0.0924419984 -1.56953061 1.25338531 -0.0576574877 -2.53263307 1.43911481 0.839837193 1.51547933 1.13386619 1.89893425 -1.92664814 -0.166860312 0.514565289 -1.10766113 0.228131309 0.697802782 -0.939257562 0.442548305 0.39511618 0.0308247339 0.0140326433 0.0700003952 -0.841316998 0.220661521 -0.0170695018 -0.565333247 -0.894525409 1.79169536 -0.229348302 -0.71701771 -0.6977458 0.135628819 1.12186348 -1.00904667 -0.0539301895 -0.977963269 0.697776914 -0.227212802 -0.989106357 -1.53701615 1.36477721 0.273047209 -1.60327923 1.0460223 0.540938377 -0.986558557 0.305974483 0.941237748 1.9555434 -0.970711291 -0.992203891 0.931650341 -0.536438704 0.0920363516 -1.21584618 -0.809109569 -1.90080142 -1.16486454
-0.837668657 -0.326935977 -0.722100675 -0.102727719 0.213888437 -1.59697449 1.27520633 0.836587787 0.673535883 0.766554356 -0.486531258 0.0670752674 0.0396146625 0.82803148 1.05174649 1.00901425 -0.551808715 -0.904821336 -0.0264501795 -0.513912141 0.178290665 -0.13796182 0.663790107 -1.29559159 0.248059839 1.20478415 -0.0458004586 -0.955308437 -0.0510792471 -1.36608577 1.55559647 0.783923149 0.649234116 -0.749665558 -0.0212958902 0.430065066 -0.463675916 -1.5378474 -0.331795633 -1.17900908 -0.971531689 -2.09551811 0.270493239 0.452102929 0.552772105 -0.90859586 -0.292221874 0.528320968 -0.0791053399 -1.1303997 0.7524665 -1.16632271 0.514785111 -2.14049792 -0.480593771 -0.223408684 -0.64673537 0.580057442 -0.519829452 -1.02669871 0.156436518 0.279643178 0.342103481 0.178633153
-0.580697536 -1.82265055 -0.352826893 -2.32704306 0.605793238 -1.12299025 -0.799053609 1.00642657 0.259846658 -0.304375678 0.528984785 -1.48951948 0.512635469 -0.753617704 -1.28198087 0.396608889 -0.451387316 -0.748859942 0.691956639 0.506784022 1.58439386 0.123344764 0.993344367 -0.280412644 0.0127369408 -1.47945714 -0.271570563 -0.259957701 -0.828779936 -1.80914104 -1.49377906 -0.310588807 -0.95349437 0.62363714 0.421200186 0.648910463 0.165576816 -0.0258392245 1.62655544 0.524737895 2.11425328 0.635377169 -1.25191867 -0.481937766 -0.565196872 1.00346303 -0.965164125 -1.09045351 0.171528742 0.903810918 1.48153353 -1.6802038 -2.70166087 -0.994145036 -0.638157129 0.369699746 -0.165417582 3.60327339 0.37018922 2.17156816 0.133180737 0.585302114 0.221996784 -1.14427936
0.602876961 2.44152474 1.62411809 -1.60301399 -0.196844563 -0.470773607 -0.618315578 -1.40243781 1.44593024 -0.430502564 0.0163756926 -0.56630224 1.152794 -0.636711419 -0.411799669 0.57657671 -0.197719276 1.00751126 0.14092505 -0.283375889 -0.88800925 -0.125372484 1.8904196 -0.686229944 2.1864078 -0.214644343 0.215035692 -1.15195334 -1.8205266 0.480788499 1.18463349 -0.0359201692 0.769496739 -1.31771541 -1.56062102 -0.0957542807 1.54517162 2.20997643 -0.553469419 -0.970072746 -0.391941369 0.192627564 -0.354000539 0.39082244 -0.924834609 -0.995608151 1.27034247 -1.86397791 -1.07779968 0.87062639 -1.40419817 0.397504628 1.5413177 0.849103451 1.09441209 -0.414016992 0.0405788086 0.727909207 -0.904846609 0.733483732 -0.800762534 -0.620834291 -0.892100394 -1.04920673
1.44849157 -0.825777292 -1.2994951 0.708112478 0.559926033 0.0904527828 -1.30281913 0.76561904 -0.190469936 0.020215733 0.663627625 -0.833256364 -0.964987934 0.345535934 -0.543969691 -0.616496742 -0.581710756 -0.582827032 0.610642314 0.632376313 0.0157126933 0.107291616 0.165271088 0.0363977887 -0.0175808351 -1.47135353 -0.792287886 -0.452232689 1.28028476 -1.0238086 -1.30397415 -0.327389479 -0.0066154399 -1.26106942 1.44754362 1.35622549 0.785623193 -0.380278647 0.480236828 1.31749868 -0.997727752 -1.42789006 0.202126175 -0.247856364 -0.0451943874 2.10406017 -0.0415329635 -0.301405132 -0.72770977 -1.00559008 -0.822846413 -0.82602936 0.161166087 -0.244727641 0.201111928 -1.64652181 -0.168096602 0.8236022 0.440970302 -0.186210319 -0.578994036 0.698780656 -0.0166650694 1.46490407
-0.69644469 -0.877316773 -1.08909786 0.00631793635 0.591744006 0.612999916 1.73081052 1.41378713 0.502203047 -1.36678672 2.17449713 0.845128596 -1.47329485 -2.3004539 0.810378969 -0.108011894 -1.7206111 -0.775307894 -0.583230317 -0.120531574 0.128755659 1.71706164 1.90212631 -0.965824962 -1.19409716 0.723304152 -0.0167089123 1.80852211 0.836085975 1.07358122 -0.674303651 0.825336933 -0.239826098 0.0303195156 1.12063956 0.0356293693 -1.29534459 -3.18079591 -0.073572062 0.260636687 -0.120637201 1.06668258 -0.764262795 -0.0473707542 0.228180185 -0.34621799 2.93275356 0.697199285 0.0829882324 -0.18239595 -0.300831944 -1.58752728 -0.729451418 1.36908543 -0.140418231 -1.82609618 0.179446742 1.85382569 0.581247747 1.03446066 1.31606543 0.993521273 0.247504383 0.44019255
0.00985589903 -0.245770246 -1.73530972 0.546026289 0.0372820236 -0.862986922 0.0725766718 -1.66058564 0.475105971 -1.17185998 0.593473971 -1.96685004 1.24342227 -0.88020277 0.252074569 -2.6088748 1.26543808 0.470114619 2.59270978 0.356257647 0.157170117 0.0695537999 -0.0659399107 0.479801029 -0.412575752 -0.135688007 -0.366130382 -0.7958498 0.467843264 0.783574164 -0.550450265 3.17195153 2.14273787 -0.0884657651 -0.219484031 -1.13789058 -1.21563292 -0.445434391 -0.551837385 1.33580911 -1.52993178 -0.514941275 -0.403851122 0.528680205 1.06038511 0.31905818 -0.145813286 -0.700276136 -0.929432571 0.445943981 -1.82795358 -1.33493114 -1.89776671 -0.931105971 0.346944511 0.663793504 -0.355533481 0.197122499 1.47136879 -0.521952093 0.787234008 -1.29715395 -0.0932645574 -0.35152182
-0.821189404 -0.10377989 -0.317177624 -0.652192831 0.0644776449 0.0277752168 -0.677891076 -0.0616130307 -1.31058681 0.403392881 -0.0849466622 -1.24875927 -1.32704556 1.83680356 0.915944219 0.71330905 -2.07946205 -0.25433442 0.108222313 0.0929478481 0.988288224 0.0219516493 -0.513563931 0.302254379 0.243305147 -0.364399463 1.50230682 -0.990615129 0.198440284 -0.0704241171 -0.874257445 -1.05277562 0.765684724 0.0307608061 0.410588831 0.770623386 -1.58494604 0.326298147 1.09409773 0.433876216 0.549330413 0.0509426855 -0.977598131 -0.0137815224 1.17393124 0.0518976077 0.398566395 1.21862924 -0.81877178 2.49962282 -0.683408082 -0.628671348 -1.00905085 -0.233688429 1.53531265 1.03312731 -2.11882949 0.557383955 0.037536636 0.655676484 -0.545838296 -2.27003717 0.790510952 -1.07804775
-0.530376971 -0.551285803 1.67121172 1.55445063 0.392636538 -0.616672933 -1.77829087 -0.287262678 -1.21434486 -0.820542574 -1.17063141 1.02822304 -0.556515932 0.0305823367 -0.0514535867 -0.299572557 -1.15967321 0.513113081 -1.67251837 0.222926483 -1.88103354 -0.978701293 -0.786297917 0.629395068 -0.0308252238 -0.337412536 -0.92678678 -0.516235411 -0.39359948 -0.368200809 1.43545413 -0.961010337 1.52309656 -0.190489084 0.682700932 1.41603994 1.41140974 -1.10259795 -0.181584194 -0.720736623 -0.474384904 0.347017229 0.874148905 -0.389078289 2.46424723 1.98476851 0.20693928 0.360423207 0.770322621 -0.825246572 -0.212358207 0.0906144008 0.180846542 -2.84666467 -0.864528656 -0.0953695774 0.438118726 0.139485136 1.01899993 -0.491302669 -0.271744519 -0.202625245 0.266074777 -0.827436328
0.998804986 -0.594121218 0.678318024 1.24609923 1.02231562 -1.37656403 -0.463980675 1.03435946 1.08497882 -0.874907792 -0.548667729 -1.50739205 -0.297734439 -0.876971662 0.120795093 -1.56749225 -0.956385493 0.653830707 1.68385112 -0.122293606 0.0236683562 3.33302689 0.326411247 0.945715666 0.482479095 -0.3276878 0.178571269 -0.345924646 0.904676616 -0.552446663 0.231215537 -0.461301714 -1.60574055 -0.278617978 1.39305353 0.389721155 -0.647206604 -0.499154627 0.191840649 0.0554472543 0.577988923 2.02533126 -0.562594593 -1.12807739 -0.0450723767 -0.828591049 0.187207386 0.169992864 0.602447629 -1.41108727 -1.04830348 -1.69459438 -0.746423304 1.51252842 -0.807264626 1.23249078 0.748966277 -0.3839733 0.558136582 -0.156554446 -0.36394605 0.879994094 -0.0405881479 0.352378726
-0.417983145 0.201347157 1.03206682 0.627838433 -1.38140774 -1.35945082 0.261447966 -0.374470443 -1.87006986 0.169971988 0.172491759 1.78390455 1.70284581 0.0629480779 1.3119278 0.799155354 -0.0331116132 -1.73133445 -0.577850819 0.807832599 -0.613282204 -0.134411946 1.37516284 0.30227527 -0.58036232 -0.482475191 -0.113685668 1.31435013 0.0932746008 -1.36149561 0.383320272 0.169574812 0.432412654 0.301291496 -1.23563075 1.1232065 -0.395015687 2.07861853 0.246290609 -0.283022493 -0.180053294 0.450910568 0.534463942 -0.373386502 0.15425159 -0.106026895 0.70660007 1.40946019 -0.8480739 0.346967667 1.67513752 0.367269009 0.33617425 -0.859228611 -0.426942796 -0.35285899 0.00378587958 0.0673895851 0.0982942358 0.605292559 -0.993945897 0.533507824 0.45019272 -0.678308547
-0.409475714 1.03711629 0.315989077 -0.391517311 -2.33400321 2.58064032 -0.26093787 0.598292708 -0.97503376 -0.609449089 0.605134547 1.67810988 -1.96950102 -0.615024209 -0.813698471 1.04664361 -1.19151688 0.571695089 -0.911758542 -0.371677428 -0.61134392 -0.923812568 -0.232310444 1.41056299 0.832344592 1.52827287 1.07433963 0.375018835 1.13778853 -1.91191244 0.0098915007 -0.667610288 1.48817766 -0.455178291 -2.12686181 1.31284416 -1.11741769 -0.910548031 0.660768032 -0.579726219 1.24018586 0.0689286888 0.245222256 -0.80966264 -1.12398362 -0.597142994 -1.19387972 -0.353828222 0.129417732 1.18731236 -0.519295633 1.17236567 -1.94421923 -0.286575019 -0.311146885 0.267442375 1.77572715 -0.172968626 0.681195378 -0.483678788 -0.199671432 0.287095308 -1.47180605 -0.595567346
1.06319571 0.665688097 -0.495939016 0.493736297 -1.94271863 1.22612464 -0.760285795 -1.08015978 0.175276786 -1.10113931 0.34697631 -1.93982387 -1.20383847 -0.84391284 1.28312564 0.178317711 -0.434824407 0.424221665 0.538532972 1.2661413 1.12870646 -0.618723452 0.217488453 0.795494497 -0.108625077 0.463550091 -0.0423479825 2.0637846 1.07175279 0.813782513 0.807298243 -1.90831268 0.593682289 1.45234239 -0.919744611 0.258249998 -1.22452927 -0.329088867 0.801730931 -1.09006906 0.14962326 0.521844745 -1.22428858 1.1602056 -0.316647202 0.0745503604 -0.130891681 -1.17004037 1.73832715 2.12713051 1.1630559 -1.25553274 -3.47072864 0.19224894 -1.97813177 -0.491606981 1.1624248 -0.319853425 -1.30714488 0.627139986 0.606307805 0.832247794 -0.862746775 0.771120071
-2.69194031 0.00982916355 1.25779021 -1.21810853 0.438980341 -0.337597132 1.06480193 1.45502293 1.04781735 0.574622929 0.474893987 -1.42923367 -0.398327887 -0.877656817 0.532061458 0.777608275 0.818835914 0.117421731 0.603281617 -0.110345744 -1.32983446 1.95788991 0.248551264 0.933253169 -0.650581956 1.4119724 0.0201582536 -0.0530497432 -0.508705795 0.356418848 0.156294242 -0.216707036 -0.559012353 -0.0940600112 -1.6279496 0.958432734 0.662467539 -0.801138699 -0.562142849 0.0923524946 0.97100997 1.1426847 0.929443657 1.0901494 1.20993876 0.322283566 -0.102711037 -1.52474117 1.40811229 -0.666275442 0.882079124 0.344004542 1.62484503 2.07356668 1.33415616 -1.16073704 -0.146964327 0.0520402789 -0.0486182868 -0.439476639 -0.0344627351 -0.106426477 0.882567167 1.53316283
-0.273439378 -0.587415338 -0.00854737684 0.710264683 -0.110789604 -0.870116949 -0.768450856 0.363938004 -0.390385598 -0.0255280267 0.832079232 -0.57897675 0.789205492 1.82502401 -0.0341639183 -0.0910247266 0.738286495 1.17792916 0.13317351 0.865006566 -0.817960739 -0.43722406 1.0110327 -0.429119378 -0.637810528 0.375724018 -0.470079213 0.138510823 0.540116787 -0.0648010001 -0.127313063 1.53539407 1.48153114 1.4284668 1.65140367 -1.23048246 0.769011796 1.27607274 0.541280448 1.32090127 0.0026688017 1.01468062 1.34885168 -0.162625954 -1.37509215 0.509255707 -1.0794816 -0.8101089 0.738749027 -0.0581433848 -0.825351417 -0.43373841 -0.403686136 -1.28665733 1.84824824 0.564826429 0.260446787 -1.13374484 -1.02184677 -1.73472691 0.450633556 0.0315042995 -0.901343167 1.85935795
-0.135788202 0.504525483 -1.11967874 1.98280466 -1.79672897 1.68579531 0.77925843 -1.22635269 0.339105219 -1.10673332 0.885417163 0.623029351 -0.372435719 -0.196649224 -1.16163421 -0.87215209 -0.856492162 0.682332277 0.343954295 -1.30453372 0.443400949 -0.663283765 0.295750082 -0.663845479 -1.03776169 2.85628319 2.78298521 -0.911595166 -1.48992658 -0.236390337 1.65083647 -1.7892797 0.334900916 0.107252456 -1.75054097 -0.0767081156 -0.687878907 -0.228119716 0.177029163 -0.882055521 1.54650569 0.40602538 0.173079848 -0.662483573 1.00429833 0.680918097 1.96645653 -0.600882053 -0.992579818 -1.59222341 0.545895398 0.904446602 -2.2892375 -0.246367902 0.765886724 -1.90507984 1.3969512 -0.303323597 -0.837152302 0.0902856067 -0.826276779 -0.621426225 -0.393245608 -0.345098346
-1.17178059 0.177586183 0.0529601425 -1.19313967 1.09723663 1.45670211 0.836216807 -2.35478878 1.09999454 0.405598015 0.429895848 0.236422777 0.302632093 0.0319309607 0.146831959 0.484150648 0.135080919 1.21827817 -0.460460871 -1.0558356 0.127343878 -0.0576791242 -0.691527188 0.111282162 -0.125047922 -1.57680416 -0.572071731 -0.502663374 -0.930921137 -1.01143467 0.17501381 0.513305247 0.555291474 1.89920068 -0.899596214 0.947156608 0.681521535 -0.0856864303 0.519982815 0.0529404283 0.757695973 0.0869978592 -1.24690986 -0.865211666 -0.932406187 1.48057473 -1.70631611 0.911294818 2.07248569 0.659488261 -0.29684186 0.136631623 -0.064794071 0.480860889 -1.11249268 0.162011355 0.197338969 -3.29322314 -0.333142102 -0.338343054 -1.12793851 -0.515359998 -1.07158136 -1.66199994
0.624550283 2.44894838 -0.891121507 -0.691019177 -1.55098355 0.227629915 0.408383191 1.92136002 -0.254741102 0.182390988 -1.41751313 0.305511624 1.79897201 0.346761912 -0.303445876 0.0304594878 -0.99224335 -0.730730116 -0.000477787573 -0.607797444 -0.216373414 -0.113428175 1.3315146 0.163034528 0.0767745152 -1.2266115 2.22619796 0.525694251 -0.192737922 -0.14514932 1.10306787 -0.149183214 0.15666312 -0.475958824 0.00845697988 1.67692757 -1.79135323 -0.370313615 -1.3153007 -1.01657677 -1.64252424 0.0370911099 -1.60646462 -0.611289561 -1.0789988 -0.221134111 -0.517425954 -0.462213129 1.63195693 0.342786282 0.513193607 -0.647307694 -0.0514111184 0.194020957 -0.632429957 0.548077345 -0.179008588 -0.297348559 -0.922764242 0.140249953 0.192902327 -1.18432844 -0.681939781 0.0133676678
2.19962192 -0.959849536 0.966795743 -1.87532794 -0.382964969 1.11672318 1.01515281 0.645563722 -0.0435309485 0.544893026 -0.0223818924 0.00605689734 -0.54302305 -0.930291235 1.10880041 -0.0312066004 0.868198633 0.953072429 -0.0299697183 2.09661174 -1.17712951 0.161065474 -0.586118519 2.00258517 -1.36436427 0.982984424 0.669752896 -0.353377819 0.988142192 0.358756214 1.72553313 1.93693948 1.28061986 0.654808104 0.238184825 -0.407660633 0.989142001 1.34754634 -0.981577516 -1.44832194 -0.64199245 -1.54201138 0.686675906 -0.165919438 -1.15969706 -1.2369777 0.586922169 1.99318659 0.312143832 0.511203825 -1.68435967 -0.666669786 -1.31441915 -1.02781522 0.937907696 -1.24856174 -3.05489802 -0.55864042 -1.66817427 2.42273617 -0.394069225 -0.332639575 -0.389696598 0.587164044
2.05857253 0.625477672 1.60772097 0.240363821 -0.599437654 -0.302424073 -0.598596811 0.413629889 0.15176107 -0.172297329 -0.402894914 1.22011209 -1.59240627 1.83073092 -0.124215849 0.128165096 -1.50712347 -1.67842865 0.361888468 -0.625370562 -1.44593263 -0.71661067 0.193856448 0.171138063 -1.43025756 1.64066148 0.430071205 0.89986676 0.489075452 0.759895205 -2.09621501 -1.08695233 0.405659437 -2.07990074 -0.067542769 -1.01229191 -0.609580338 1.89135063 0.673266947 -0.513168752 -0.832862139 -0.536255598 -1.25348222 -0.424674839 0.13034682 -1.66682208 -0.989094138 -1.27076805 -0.529858947 -1.02717674 -0.660785973 -1.21918797 0.374278635 1.40842867 -0.873544931 -1.12122774 1.0184778 0.127359301 -0.863396943 0.293387711 0.760042071 -1.63782978 0.384513885 -1.41852498
-1.4821707 0.478073061 -0.735347629 -0.416306704 0.348786741 2.29338789 0.893170893 -0.0793540627 -1.45616376 -1.68853354 1.15639269 -0.908357978 -2.03915405 0.0493327938 1.72195268 0.623435259 1.11101568 0.84045589 -1.71717143 -1.35680556 1.06585872 -0.220417365 -0.898637176 -0.233476102 0.310627401 -1.57143068 0.193205878 -0.922046483 -0.747808933 -0.2577582 -0.15605247 -0.151872352 -0.320738196 -2.16453958 0.327190906 -1.00452125 -1.43897676 0.0280869305 0.249836028 0.0715573654 -0.322998911 1.11783624 -0.146330625 1.87906682 -0.0687979162 0.322414637 -1.54179025 -0.266753018 1.88189173 -0.500502408 -0.551144004 0.594366372 -1.5515635 0.334560126 -0.518836737 -0.104554988 -1.20065773 -1.09262943 -0.952094853 -0.362861633 -0.401147664 0.0477771424 0.237112984 -0.0229431614
-1.01326251 0.222400337 -0.398259759 -0.722775042 -0.747165024 0.934347212 -0.0301226974 0.654809475 0.0487054773 0.590820134 0.959045172 0.970815361 0.714140594 0.552042365 -0.448897809 0.99398315 -1.36026812 -0.467086852 -0.724688172 -0.484665483 0.36791876 -0.0162314195 0.804456234 -0.475076169 -0.0288060326 -0.53399992 0.9599334 1.45316887 -0.726070821 -0.389058292 -0.357563049 -0.431041181 1.12961459 -0.298767895 0.623868644 -0.576557696 0.556276977 1.028139 -1.13884127 -0.957924604 0.816894233 0.34315154 -1.70676625 -0.15082103 -0.36721772 -2.58640194 1.40214765 2.17272019 -1.04379308 0.990923047 -1.2593174 -1.60714042 0.91403389 -0.88860631 -0.617543638 0.064040117 1.23160732 -0.18703182 -0.944362819 0.174299493 0.632856309 -0.155796826 0.914970636 -0.555264711
0.43585816 1.10280454 0.525368035 -2.60121107 -1.79732871 0.682909191 0.785054922 -1.64357591 -0.31839928 -0.876067817 1.76488066 -0.329110712 1.60496449 0.278799266 -2.15731478 0.00376406079 0.524628818 0.127728835 0.287171692 -0.0437257811 1.28048575 1.09545314 1.08352876 0.82901752 0.0664769858 -1.95357931 0.878667533 2.01413703 0.172756881 1.70525098 -0.211645439 0.305104643 0.0852683112 0.590735912 0.241391808 0.000888134993 0.221409991 1.45899701 0.832733452 0.103079267 0.1617686 -0.500594914 -1.10725248 0.25044632 0.851382792 0.785093844 -1.73092103 0.20486106 0.0425682813 0.799067557 -1.0051409 -1.2129091 -0.899131596 -0.777514458 -0.74511832 -0.878978729 -1.72344875 -0.00832365453 -3.345474 -0.794167161 1.00987482 -0.226538241 2.47890115 -0.248961926
1.31846631 0.44900316 -0.163868681 0.345613182 0.872710049 -0.262689918 -1.00906181 1.56057513 -0.437504947 0.248476043 0.714035153 -0.145484179 0.325544626 0.649820328 -2.03751922 -0.72423631 1.11325264 0.266964704 -0.685079634 -0.0477614477 -1.5041703 0.648122728 -1.25598156 -1.01489842 -0.406199574 -0.925420225 -1.03056395 2.64796281 1.0807358 0.11366751 -0.376093149 1.21000195 0.265642792 1.69913638 -2.26422024 2.23848772 1.1765542 -0.155492231 0.13327758 -0.21726127 0.984816372 0.442773759 1.17080283 -0.652076066 -0.461012393 0.429070652 0.701534688 0.789305747 -0.312893629 -0.188323572 0.715875089 0.364758492 1.92598951 -1.44041634 0.779987931 -0.63927263 0.267215222 0.470690578 -0.0795322135 2.39375687 0.374955982 -1.04442549 1.86117935 -2.61554551
0.691709161 -0.343779951 1.50875795 -0.599702656 0.111085564 -1.01688445 0.625305951 1.55520701 1.08194816 0.939031601 0.875792086 -0.389458656 -0.105730668 -0.504199684 -0.751362979 0.0971014723 -0.450581372 0.555426478 -0.543340266 -0.915435076 1.17170525 -1.46723247 -0.123209104 -0.654745877 -0.288379163 -0.309660524 0.573992729 -0.392629325 0.805371821 -0.548144698 1.99888492 0.633141518 0.347268611 -0.778176606 -1.62151968 -1.43161833 -1.32579017 -2.13986254 -0.743565321 -0.146916479 -0.542363524 0.259367675 1.7152127 -0.333292484 0.142662138 -0.549471617 0.48126471 -0.727098405 0.362055928 0.171983242 -0.19842878 -0.44298023 1.23479128 1.69341719 -0.233113453 -0.847959518 0.31137228 -0.614620566 0.673737705 -0.978497088 -0.804299831 -0.11605487 0.437649548 0.179135531
1.39649677 -0.594824016 1.51420927 -0.153945953 -1.05105388 -1.40720141 1.25082481 0.223516792 -0.739245892 -0.132085994 -1.14535177 -0.915217578 0.362775683 1.29585218 -1.64035869 1.09573543 1.83748198 -0.0687656924 -3.07338262 0.680608869 -0.896361709 0.138741016 0.566382527 0.0381190293 0.367557913 -1.12072861 0.302878469 1.09210682 -1.03037298 -0.646804392 0.292196095 -0.958185315 0.897805333 -0.243972138 0.470600188 0.215747297 -2.00500369 0.877719283 0.636295199 1.38109148 0.180908427 -1.1352067 0.928115964 0.207889333 1.13925982 -0.54948169 -1.93980694 0.362321138 1.53630793 0.258886516 -0.8056705 1.53137267 -0.147017792 -0.559074521 -0.495404214 -0.761960328 -0.780494511 -0.127415687 0.739477098 0.52701664 1.86485314 1.36386025 -0.313266009 -1.80305362
-0.643524528 -0.141898364 -1.13460279 -2.19216204 0.909828305 0.580379069 -2.07977033 0.670384228 -0.646972895 1.61184418 0.7105515 -0.470481992 -0.0441281535 -0.833202958 -0.876681864 -1.29086733 -0.387243658 -1.15808606 -0.064813666 1.49088001 0.957093716 -0.782427728 -0.393062651 -0.628164887 0.0215311348 -0.15221417 -1.46875155 1.18108356 -1.53523946 -0.173017636 -0.445516229 -0.0598834194 1.27739859 0.282133371 1.16547346 0.00171441631 -0.550453246 1.6049366 -0.144242287 0.157438219 -0.66679275 0.305094004 0.307448119 -1.00682247 -0.960690618 -1.00241292 -0.011399054 -0.121786021 -0.35375753 -0.44088918 -0.643522799 0.055863522 -1.17686689 -1.59165847 -0.313987255 1.17974198 -0.252895772 0.568853736 0.455843836 -1.32309592 0.658597827 0.65399915 -0.214658156 -1.03921926
0.670817852 0.572104871 0.679370344 1.30937004 -0.531961739 0.430591941 -0.62013799 -0.527595818 -0.972102642 1.72081816 1.30731761 0.462663233 0.582118392 -0.158716351 0.566188037 -1.08825457 0.419866472 -0.196973726 -0.268486172 -0.698903322 1.79926646 1.14163232 0.591642797 -0.584393024 -0.0684978217 -0.494424671 1.07386506 -0.235236704 2.61596203 -0.584265172 -1.15436125 -0.428605944 0.0694355443 -0.236328423 -0.717116773 -0.146328479 -0.943136811 -1.78335643 0.85194087 1.53073573 2.04956889 -2.10138083 -1.05741048 0.770499945 0.12777324 0.59984082 1.06693363 0.218712077 -0.987655699 -2.20618606 -0.569104433 0.267387778 0.380723655 0.443491101 -1.14491427 0.676794887 -0.575164199 -0.359399289 -1.59848249 0.894359827 -0.415730804 0.467919081 -1.35022318 -1.56024933
-1.28967261 0.65732789 0.192076802 -0.105497099 -0.336783975 -0.166978732 0.639230013 0.629296303 -0.120183595 -1.45974255 0.515774012 -0.628959179 0.219326481 0.20216471 0.366839051 0.793814719 1.23117292 -0.786429226 -0.337308675 -0.420933574 0.0683019757 0.393874079 0.733235896 2.26257586 0.994469941 -1.86816835 -0.901408136 0.550190985 -0.768787265 0.12222413 0.357231587 0.693666101 -1.575279 -0.537939787 -1.81447625 0.36473462 0.0172737818 0.986857295 -0.311970949 0.739173353 -1.20409799 0.281934112 -0.411352724 0.696237326 -1.23007798 0.777719021 0.166852415 -0.665072262 1.23998249 -1.98868823 -2.43341374 0.568045795 -0.865982056 0.553680062 0.582734048 0.789164186 -1.08416522 1.05515504 1.00235081 -1.45999956 0.0723670572 0.263764292 -1.12026894 -0.298715562
0.348697424 0.467521369 -0.444477975 0.258950233 -0.45811367 -1.76300609 -0.289404541 -0.257277399 0.600208521 -0.138850495 -0.525264502 -0.884890616 1.0256058 0.961288333 -1.08599675 -1.54626453 0.0632137209 1.81229925 1.53910089 -0.93615371 0.971869349 1.29926491 1.84437823 -1.82129931 -1.76402831 -0.0973166823 -1.8231672 -0.694747329 -1.23526359 0.928571284 0.394262761 -0.229163662 -1.01572382 -1.18914604 0.265096486 -0.312656224 -0.537071407 0.00149183767 0.534936965 1.17453289 0.551338732 -0.398533404 0.409778535 -0.380210489 -0.0938410759 -0.29157275 -0.32775405 0.383814186 -0.458427846 -0.690630436 0.785547972 -1.20232832 0.00704017142 0.440912604 1.08224964 -0.462919295 -0.627699494 0.439268887 1.19125557 0.911077321 1.31273127 -0.564527094 1.43667388 1.40187752
0.00433482276 0.91469878 0.800508797 1.46704304 -0.885333776 2.42524815 0.778376579 -0.167246878 0.704612374 2.53652334 1.33197987 0.699723363 1.15435565 0.459939331 -0.392307848 2.80604267 0.28989476 -0.120765164 1.14351189 -0.29420796 0.470244586 0.215202302 0.111265294 0.62468493 -0.560425043 0.136138186 -1.43708086 0.204564944 -0.850612164 -0.52784574 -1.58168185 -0.513411224 2.09952831 2.75802422 -0.535826683 0.0878330469 -0.870860755 1.21183527 0.809974909 -1.48900044 0.115863733 0.126491725 -0.923282266 -1.16646421 -0.147246599 0.0666869357 0.606277347 0.374195784 0.00129461056 -1.47408891 -0.101839341 0.0743082464 0.324611306 0.493515968 -2.2440896 0.680934668 0.23670353 -0.47090891 -0.599519968 1.52058363 -0.427268595 -0.603258967 -0.235129759 -0.0451370478
-0.768282294 0.803123236 0.710838914 -1.18616164 0.44397822 -0.506394029 1.95240736 -0.815259039 1.77063811 -1.09208059 1.08804476 0.317407161 0.034736868 -0.487789333 0.302636683 1.20276439 0.193737015 -1.03439391 -1.28927493 1.2446456 -0.187871546 -0.956073165 1.16295063 1.96698058 -1.0016706 -0.746565521 0.519159079 0.567908645 0.337051004 -0.212272301 -0.347171932 -1.05639791 0.457757235 2.26095295 -0.249956787 -0.855386376 0.522595227 0.00136482518 0.144713327 -1.19017029 0.236301482 1.38107145 0.983815193 0.0468198322 0.888628423 -0.0441352576 -0.600544512 -0.855261087 -0.430388957 -0.204845369 -0.33129999 0.0801983774 -0.896573663 -0.390788257 1.3738296 2.93343544 1.99071896 0.116832122 1.03222692 -1.10245919 0.648392081 0.334978729 1.34048772 0.740199983
-0.636712193 0.152407885 0.0957174227 -0.581591785 -1.39518106 0.350644618 -0.648437798 -2.40308762 0.390784293 0.47200191 0.811502814 -0.0188305881 -1.22364223 0.0371748693 -2.71599436 0.860966265 0.502218723 -1.05019724 0.428050876 0.825854003 0.363857567 -0.615080297 0.599493861 -0.0580903366 1.40730965 -0.434036732 -0.25479722 -0.829227388 -0.870110512 -0.0321044326 -2.57611513 0.812851548 1.19160759 -1.30509484 0.937360108 0.309494048 -0.808260143 0.257954806 -0.192376241 -1.09453833 0.275950551 0.607644558 -0.00975660887 0.236444786 -1.03672886 -0.678033233 0.892636955 1.54243374 0.707921445 0.453346908 -0.89378655 0.370736599 -0.0486964956 0.846470892 -0.0827353671 -0.513717175 -0.0318251513 -0.145775169 -0.727766275 0.926257432 -1.9189235 -0.801833451 0.813700974 1.43078482
-0.669052184 0.392093629 0.82992965 0.277877063 1.84878266 0.919652343 0.349218607 1.75118876 2.04133606 0.270038724 0.605421305 -0.56594497 0.57043165 0.703378201 0.0561893471 -0.734557688 -0.438826919 0.424803227 0.63356024 1.23917866 -1.05119407 0.945029497 -1.48489428 0.942662001 0.655019343 2.01775789 -0.378998488 0.331189126 0.61737293 1.1567111 -0.384854734 2.51382637 0.34045136 -0.803238213 0.555519819 -0.185736611 -0.957185328 0.483220965 -1.67488289 0.134014115 -1.09522283 0.653531551 -0.782577157 0.142017975 1.10229266 0.825905323 -0.522558212 -0.218087181 0.890630722 -0.611714482 -1.17845273 -0.555391908 -0.988887966 -1.54001737 1.02918756 1.22993112 0.67502892 -0.955701888 0.744539857 0.43810153 1.05616891 1.06826174 -0.655510902 -0.747317195
-1.00475264 0.147727996 -0.60949254 1.27017403 1.21123374 -0.544225037 -1.02341413 -0.693390429 -2.83684421 -2.67621803 0.4498474 1.04991698 0.850076795 0.0595850088 0.215739056 0.0347638093 1.30991554 -0.114845596 0.897912621 -0.577849388 -0.337987512 0.241455436 -0.29180631 -1.08015418 -0.101666488 0.804942787 0.331091136 0.723210514 -0.554376423 -0.0226991232 0.967086136 1.86218607 0.137004048 -1.08702421 -0.0656643882 0.178695709 -1.18635464 -1.79663157 0.864794314 0.304009765 0.284512728 2.08504319 0.32332015 1.85247862 -0.881570339 -1.13040543 0.624563515 -0.324418664 1.39042854 0.769452095 -0.765818119 -0.988304734 0.769018114 0.532907248 0.100885175 -1.51736367 -0.396594107 0.208801076 -0.0694214255 -1.10138583 0.6498757 -1.23958695 1.09354699 -1.48125279
0.8227759 0.249885559 -0.441934824 0.599128723 -0.86567235 0.00260262098 0.199534774 -0.750542521 0.688782513 -0.291736364 -1.1177361 1.83060586 0.174940735 1.48361576 -0.286073506 1.58301437 -1.28437686 1.17754054 -0.725357473 -0.532894075 0.695552588 -0.696733713 -1.73568058 -0.397293657 -0.407951385 0.0506638847 -0.00978570245 0.236611441 -1.33678007 1.16730702 1.55626452 0.081781961 -0.0963444784 0.689916372 -1.35185766 -1.34999406 -0.0376151316 -0.0879021809 -0.626319945 0.670004547 -0.707784712 0.485842109 -1.74399328 1.00424957 1.02917814 -1.45382857 -2.14516926 -0.142715454 -0.673563004 -0.249311522 0.956225455 -0.918845057 -1.16612196 -0.0854547247 -0.793623328 -0.550178766 -0.49757266 0.529079556 1.54120815 -1.2089566 0.729404092 -0.156374201 -0.0429233536 0.944558561
0.105829403 0.55221355 0.825982332 -0.269396812 0.599207997 -0.678599834 1.34337962 -1.51819539 -1.35093176 0.266733348 -0.0784513578 0.574306309 0.830914795 -1.84569621 1.1000948 -1.35505867 0.790899873 0.857877314 1.11809063 -0.984329164 1.00792694 1.02210128 -0.939032257 0.219523892 0.0841640532 -0.972015798 1.19364023 -0.954307735 1.41916502 0.740359724 -0.769242346 0.470165133 1.26108909 0.380247831 2.38602519 -0.440371901 -0.941743076 -2.28809309 -1.29769111 -0.715211987 -1.20909619 0.664086044 1.31721187 0.159547642 -0.416300297 -1.41142952 -2.21351504 0.112321615 0.269834757 0.567501426 -0.224582031 -0.909288943 1.24286473 0.869292736 -0.535564601 1.81769764 -1.17718399 0.0392858014 -1.49711072 -0.525330007 -3.07766652 0.102214925 -0.877236068 -0.271828532
-0.926126182 -1.58862507 0.529035866 -0.502300441 0.483152866 -0.025734745 0.477464646 -0.626000762 -0.171752632 0.531944513 0.104368433 0.471287817 -0.465438396 -0.429592431 0.59236753 -0.51314944 -0.987306654 1.43436539 0.986359894 0.430749655 -0.0101456298 2.41686916 0.800059736 -0.33161363 -2.78363824 0.125167623 -0.091940634 0.198165804 1.39109325 0.480171204 2.00822616 -1.29073679 -0.238356769 0.16286546 -0.260415465 -0.545790434 -1.51653171 1.99201465 -0.137828499 0.312283486 -1.26130152 -0.635620952 -0.215615556 2.01083446 -1.00367081 -1.07497025 -0.0670440495 0.0223716106 -0.411936462 2.27022099 0.100184716 -1.38622141 1.29160273 -0.690211952 1.95922375 0.0712156892 -0.649241805 0.93084085 0.639970362 1.25953019 -0.496356964 0.668983221 -2.02715993 1.43961775
1.2171427 -0.596683919 0.931538522 0.151241139 0.968519092 -1.41457641 0.317267299 0.315447539 1.4631331 -0.0798196495 1.15847683 0.0269718766 1.29081655 2.08129406 -1.57792842 0.0858645067 -1.32140958 0.366554916 0.843286335 0.663277149 0.542225838 0.204890057 1.54904175 1.71164167 1.47382355 0.583059311 -1.40812385 -2.57411337 1.23246491 0.0403625295 -2.9117353 -0.02981022 0.456444323 1.4725982 -0.390769184 1.26029837 0.108472377 0.678540349 1.21057022 -0.122230455 -0.466658115 -0.000702634279 -0.509699404 -0.65927577 0.597412527 0.373897105 -0.482875288 1.37432182 0.191363797 -0.0588017665 -0.123835728 2.27090979 -1.48698306 0.851450861 1.51626992 -1.65460622 -1.2417798 -0.0885983482 0.911571324 0.169108063 -0.913312554 -0.588891685 -0.839912891 0.593636572
1.78723061 -0.923881948 -0.99827075 0.669407308 -1.23062229 1.3575722 0.734320104 -1.16733789 -0.0401510186 0.295611948 -0.0076918886 -0.664271533 -2.756778 0.136391461 2.1658709 -0.625598609 -0.35667631 0.251441032 -0.814905345 -0.12209563 0.455129772 -0.567918837 0.680042446 0.466278434 -2.50552082 -0.0947533175 -0.718572319 -0.89169693 -2.12282133 -0.498709917 -0.404268771 1.74566734 -0.570827544 -2.04416561 0.696545124 0.787459671 1.44187915 0.0325995013 0.456562847 -0.780133784 0.53577286 0.372363538 -1.06713271 0.188730925 1.87597489 -0.894003153 -0.140743792 2.31690621 -0.534634769 -0.213277787 -0.381792963 -0.37909174 -0.853273094 0.480745196 0.791354835 0.205603912 -1.26475012 -0.415647745 -1.34992528 -0.799508452 -0.134352133 -0.788974047 0.573380232 0.0844099298
0.265348256 1.0261755 0.0223392136 -1.27404094 -0.594088972 0.702706993 -0.0319843926 0.0730759948 0.226928413 -1.52660513 -0.0514662303 -0.279333025 0.818929493 -0.258647442 -0.124875449 -2.24182248 0.318834722 0.461699516 -0.494968295 0.130944952 0.566854835 -0.529680252 0.763237238 1.23427856 -1.28945768 -1.43601692 0.285254419 0.356093109 -0.498610079 1.31651247 0.683593035 -0.262328893 -1.40856314 0.468969345 -1.02215779 2.22814441 -0.656263411 -0.71820128 0.17132622 0.936333597 -0.778426707 0.03170643 -2.44794941 -0.217152447 1.18510318 0.318488389 -0.483132273 2.16654396 0.371598601 -1.14793539 -1.04389179 -0.426237375 -0.960205674 1.31676984 1.31996334 -0.96653533 1.52808487 0.240751386 -0.676006258 1.70240891 -0.195019111 -0.811304748 -0.379379243 -0.789792836
