# 80 samples flattened to 64
-2.92942953 0.72365272 1.15905344 1.60659754 -0.471108228 1.79581332 -1.34165537 2.64312553 0.29720217 1.65537071 -0.982182503 -1.19476998 0.0463454947 -2.43064046 0.768734932 -0.467160195 -0.900030732 0.476890922 0.207445413 0.259103268 -1.48618817 -0.636103868 0.672535777 1.08116817 0.47902742 0.370279908 -0.583283186 0.630973637 -2.43156433 -1.0086273 0.331554234 -0.366647094 0.478801727 -0.474902302 0.482241213 1.05485535 2.78331566 -0.390318543 -2.57096052 1.41128612 -2.27198792 -1.21504319 -0.502889156 1.2720015 -1.40683043 -1.81425905 -1.28999937 1.91919386 -0.158035189 -1.34430039 -1.13739705 1.04279566 2.18086362 -0.196573019 0.33727026 -0.0913586766 -0.0742551386 0.443198442 -2.02234578 1.33944905 -1.00260413 0.427073389 -3.07849574 1.16133559
2.88328695 -0.658078671 -1.07495606 -1.17745793 0.635249257 1.00436163 0.152500436 -0.120050311 -1.68157732 0.967359543 0.231070459 1.4531213 2.60515475 0.166555122 -1.44383967 -0.454329044 -0.190062195 0.0748492479 -1.3064549 1.45493889 1.7836616 -1.88419116 -2.2227726 2.02963471 -1.03386521 2.07846355 0.328021884 -0.992883205 -0.283816129 0.134129703 2.43521762 -0.468508393 1.20486152 1.00884056 -1.08211493 2.27556181 0.535935342 -1.83405089 0.406063527 1.17771029 0.435559899 0.385625899 -0.512020588 -1.40781689 2.44019079 -1.32075024 0.109399252 -1.80339944 0.411266297 -0.489005655 -2.87011123 -1.1980077 -0.3390733 -0.356412321 -1.40298367 0.727954149 0.58582139 -0.00139522552 1.12457216 -1.64740014 0.211679831 -0.848810911 1.07284021 -0.0744104683
1.95359612 0.336556077 2.41486812 -0.445422202 -0.957925916 -0.918222666 0.174294472 0.888199806 -0.104294509 0.570926309 -2.33954477 1.36167753 2.03415608 1.30472922 0.739848614 0.82271719 0.265288442 -1.14150357 -0.194994092 -1.63408136 -2.47211862 0.814771056 1.99490654 -1.34454799 -0.632323027 2.91315246 -1.75158978 -1.41249323 -1.85260189 1.42040431 1.26601279 -0.111518472 -0.144294441 1.66447067 0.567681193 0.512397528 0.482771128 -0.00113654137 0.374756753 1.18049061 -1.66021526 2.8142426 0.13950561 0.144057825 0.185018465 -2.23556376 -1.83950078 1.33771062 -0.8602525 -1.30953789 -0.238979369 -0.0944821984 -1.17656016 2.28916311 0.380296379 0.540699482 1.8188684 1.18985629 1.44675148 1.60584939 -0.76926291 0.0257136896 -0.50360167 2.14575768
0.595164359 -2.91423154 1.57971179 0.87482059 1.08247519 0.538887799 2.24482512 -0.738058686 0.562219739 -1.24973452 -0.258879215 2.00721669 1.7309972 -0.913140297 0.538705349 -0.385980755 -0.768831015 -1.85575688 3.00297403 0.506618738 0.187220857 0.40011093 0.415059745 0.129957542 -1.07964218 1.30365002 0.110543557 0.367600501 0.123053186 0.376640081 1.04509473 0.797948241 0.688882232 1.07064235 0.601640344 -1.1379199 -1.17610312 -0.29466337 0.947768807 -0.472192913 1.89492762 -2.12557197 1.05689263 3.44001174 0.619573355 1.39431369 0.580602884 0.475113124 -0.0480150431 0.152501598 1.21324503 0.0561853424 1.79298937 -0.289438307 -1.2222327 1.62372541 -0.517244816 2.39975047 -0.0124162883 0.459703475 -1.34717262 1.1329093 -0.11784026 -0.804123521
-1.24586785 -0.486826986 -2.14270473 -1.59299922 0.174009547 2.49983525 -0.362972766 -0.339639306 -0.297885388 -0.386862606 2.27232242 -0.569935203 -0.729501486 0.05414664 0.44394815 0.0618684888 0.223580301 -0.616093993 3.13146782 2.28482747 0.601548433 0.803696394 1.31559002 -0.633671641 0.931362867 0.768717408 0.164594948 0.675464749 0.672260404 2.64065742 -0.865787506 1.01943576 -1.37966502 -2.04411483 -0.254019469 -1.21498036 -0.226062745 1.32613969 -0.918536305 0.481573761 0.0462571755 1.66821814 -0.0200473666 0.748630285 -1.83847129 0.289198697 -0.757798314 1.15254235 3.25910759 1.73976922 0.446318358 0.0583077148 2.39006853 -2.22203779 1.29869843 -0.0911728889 -0.0327246338 1.28575456 -0.562322259 0.0461737588 1.44537389 -1.99881899 -1.71634841 -0.0229294598
-1.5480063 0.465513021 0.0531561449 -0.124040037 -0.257518083 -0.230997622 2.3290782 0.600711942 2.57197475 0.960429907 1.42982483 0.00706857443 0.0467105806 -0.0195899606 -0.0464774817 -1.71733224 -0.67408061 -0.975133061 3.31194806 0.999220133 1.74428248 0.737192392 0.529071152 -1.15632617 0.973687053 -0.0675691366 1.9687978 -2.61544681 -0.341644675 0.00374615192 1.51016319 0.959728599 1.16714478 -1.40272021 -0.706258178 -0.769068003 -0.991422296 1.44921029 -0.1428653 -0.322122723 -0.217275411 0.924808025 0.0130261332 0.701695681 0.151174173 1.32561648 0.300831497 -0.681105137 2.28897309 0.732297182 1.62355483 3.14368391 0.0356372595 -1.05728519 1.46799791 0.714812756 0.238477081 0.172590971 -0.969852567 0.0319765732 -1.17471182 -1.2515099 1.44348693 0.632312715
0.260601163 0.463032544 -0.0809043348 1.06284237 0.324295402 2.01728749 0.748924017 0.97223413 -0.15084973 -0.480038136 -0.939531565 -0.825964928 -0.939629912 0.473997921 -0.465934366 2.53992176 1.00540459 -0.253575593 -1.31332552 -1.85264385 1.46110296 -1.85150111 -0.467107445 0.498614937 1.04759347 -0.41737774 1.16844571 0.911846161 0.887925029 1.03383529 -0.357761115 -0.209285945 -1.75180256 -0.386492521 1.01681566 1.82868433 2.97147727 1.03077066 0.662827253 -1.33628273 -0.991784453 0.138900027 0.981091142 -0.414399356 0.286309779 0.428247809 1.29188919 -0.11968714 0.656078577 -1.19013596 -2.51050162 -0.79948175 2.36831832 -0.196121991 0.515996099 2.01395679 2.15836406 -0.0877019465 -1.13782716 0.0380317047 -0.0966603458 1.35341632 1.53534257 1.10985768
0.310889155 1.07382345 0.55569911 -0.783777595 2.3691957 -1.41042924 0.862246156 -0.451794714 0.984218121 -0.673834682 -0.701488495 0.263401866 -1.39742708 -1.58591509 -0.257392704 1.46384513 1.4527849 0.784565091 1.51099253 0.97310853 -1.41037524 0.25676021 0.781471729 -0.204178959 0.385741293 0.277877927 0.662608147 -1.04867828 0.437003434 -0.71267426 1.10734224 1.4754163 -1.66508138 -0.0605918318 0.153740853 1.2615484 2.40764308 0.161827311 0.559675634 -0.913211703 1.77790666 -1.68960071 0.00190708041 0.459858745 0.655392766 -0.608715177 -1.98641169 -0.883552074 -0.601847768 2.26625443 -0.675228357 -0.337173134 0.332008392 2.86407948 1.65966117 1.17252171 -1.10912931 1.05813098 0.463796586 -0.930557609 -0.98876071 -0.470788807 0.650294185 0.0103579164
-0.364933997 -2.27913666 -1.79486489 0.296241492 0.153481156 0.892033219 0.344911993 1.13165462 -0.293656021 0.447521418 0.196709082 1.23412299 0.431040376 0.441756576 0.499921322 1.90576422 1.31416869 0.476217538 -0.645719171 0.650725961 0.42027384 0.0774426311 -0.411600202 -0.163891882 -0.224442095 -0.142764539 -2.78047562 0.155020609 -1.01402676 0.321776927 -0.849979401 -0.93048799 3.0212903 -0.794262409 -3.16473842 -0.0920973569 -1.47557521 0.68381238 0.559895635 0.557839394 1.28242815 -0.647534609 2.36873388 -4.07154512 0.0256611183 2.20072365 0.540305495 -1.50821054 -0.567986369 0.545280397 1.06762171 -1.07917881 1.22506571 0.794902325 -1.56750846 0.585928679 0.998872519 1.15984559 0.580453753 -0.135262489 -0.0650222898 -0.476998836 -1.35115409 0.590363324
1.98014963 -0.231323153 0.986679316 -0.0654361546 0.714068532 1.73125172 -0.804059505 2.29885602 -1.10064423 -0.315866709 0.297233284 -1.37363768 1.42306757 0.893232942 -1.65176678 -0.363428622 0.79116118 1.44281816 -1.36887646 0.891215801 -0.207950085 0.364535272 2.02411127 0.0664905533 1.01014745 -0.134921402 0.783412457 0.480143219 -0.989912033 -2.6592648 2.15741181 -0.533769727 0.270653009 0.288580269 0.170488477 -1.77509522 1.15936458 -0.912523031 0.0611836836 -0.350345284 0.627951026 -0.489887923 0.0859593153 -0.274760425 0.215692341 -0.705062389 0.220160782 2.6148026 -0.451773971 0.266010135 -0.210309595 0.217498422 0.409139097 0.40590483 -1.87825215 -1.46514094 1.79763818 0.336577535 0.05355753 0.191502452 -2.02215719 1.99620152 0.464876294 -0.35056147
1.84293842 0.610182643 0.0205522776 -1.3944819 0.95332098 -1.30506504 -1.15355885 1.50401747 -1.64822078 -2.42720938 -0.00125850737 -0.173489362 -0.514208913 -1.6436832 -0.544928551 0.473417521 1.38348114 -0.00084836781 1.01513827 -0.518087029 -0.401409298 1.04776418 0.317678869 0.643324137 1.53882813 -1.09739292 -0.403799742 1.8100462 1.89295936 -0.827018738 0.789720535 -1.18081701 -0.596029639 -0.46011582 0.67469728 -1.22611964 1.55216289 -0.589779258 -1.25133967 -1.28552353 1.00626969 1.7532419 3.06289172 -0.276957363 -0.77752316 0.409357429 2.43975949 0.947662354 1.49846447 -0.019847542 -0.355018049 -0.519862533 -1.98951399 -1.17741978 0.812373638 0.22526443 1.1516794 0.810646296 -0.215264589 2.42617202 0.721653938 0.944215298 0.271424711 -0.503769279
-0.155257255 -0.218635529 -0.40602079 -0.14782685 1.10293353 -0.0784160495 0.26969254 2.77041364 1.81108618 -1.27183867 -2.31786251 0.320049465 -1.20007479 1.1738224 -0.763610244 -1.1547544 2.2587378 -0.202088445 0.116812006 0.985894561 2.60420513 1.07759762 1.18435943 2.07399821 0.523668885 -0.47996375 -0.45614484 0.370308399 0.896615386 1.54668272 0.362811953 -0.308756679 2.50406814 -0.543934464 -0.670986176 0.385526478 -0.0928573757 -1.30578101 -0.16183427 3.67052913 1.62047982 0.985124588 0.27174449 -0.944602609 -0.879073739 0.00327314436 -1.92693675 0.906074047 -0.612799048 -0.132882088 0.988762617 -1.16888189 -0.543994188 0.318073452 1.03161585 -0.770002842 -0.111048669 -1.41763115 0.879385233 -2.06504726 3.09813356 -0.71799314 2.94143987 3.3539474
-0.801945329 -0.739410758 -1.08900464 0.353105366 2.34776044 2.26056314 2.61202335 -0.625219584 1.51660907 0.756018519 -0.937498212 -1.63791072 -1.14793217 2.6478138 -2.70550609 0.252589822 -1.18706393 -0.419552118 0.774671435 -0.827016711 0.199180841 0.967866421 0.565137267 -0.421258479 0.906498551 0.978443146 1.08070242 1.57144225 0.0878663361 -2.9230001 -0.553530931 -0.146391451 0.487439305 1.22673333 -1.35885608 0.0230906755 1.63927531 1.19672585 -0.142000765 1.13419735 -1.77618766 -0.0697233528 0.925750256 -2.33506823 1.42905533 -0.131846517 1.17622101 1.52212059 -0.310988516 -0.504566073 -0.976712108 0.172644079 0.0613632798 -2.79805708 -0.520497203 0.646964371 2.97296762 -0.381017119 0.665666103 -0.967344165 -1.20722699 2.06274605 -0.356061846 -0.852007747
1.36550689 0.737622619 -0.458981603 1.5534445 0.702728987 0.434372157 -1.55263853 0.900493622 -0.66939044 -0.94173944 -2.18242717 0.377965391 -1.10567415 1.45499432 -0.369358689 0.76627636 0.458393216 -0.391934365 0.688674092 1.25719011 -0.251955241 0.801153779 0.792169094 1.75597346 0.595251799 -0.477740198 0.0572079793 1.19039595 2.14071059 -0.438905746 0.282436252 -0.638692498 -0.444090694 2.54208374 0.452777714 1.42667067 0.235264182 1.10697865 -0.209226817 1.47343802 0.265330076 0.466968805 -1.37240088 1.57561183 1.34681177 -0.931121707 -0.759201169 -0.214734256 -0.653034806 -0.109732687 0.31360203 -0.0448559672 -0.700898409 2.04153275 2.01234818 0.3434349 -0.30432871 3.18770504 1.26291502 -1.02686501 -1.86685479 0.327621639 1.6860199 -0.120032072
0.433146834 -2.69914675 0.434466392 1.58461905 0.423214138 1.01202178 0.39735043 1.75154757 1.22223485 -0.0116254836 0.0713530108 -1.30525267 -0.923299789 0.273203224 0.453670889 1.17421532 -0.342541426 0.784933925 -0.573100448 -0.349627018 -1.30652487 -0.38160041 2.00206828 0.626359463 1.61415696 1.8768996 1.34898591 1.31508982 -3.1606648 -0.552233338 0.50427258 -0.311997771 2.05003643 0.382958025 0.010844782 -0.548000574 -0.264430106 2.08488965 2.03129053 -1.68054342 1.16947663 1.91687071 -1.55669212 -1.80200136 0.151038349 0.719607234 1.29168713 0.609428823 -0.966786027 0.671875715 -2.30169535 -1.40546679 -1.70887661 -0.761083722 1.46418333 -0.329247385 -0.396383315 0.615408301 -1.13285613 -0.250200987 1.56443512 -1.56469226 1.23327088 1.34789383
0.047790736 -0.369729072 1.23038077 0.393624961 -0.775397778 -1.14528942 0.925675035 -0.422541231 -2.04679346 1.79192722 -0.646235466 1.97020888 1.17624915 -1.07649159 0.635690212 0.423376918 1.35128915 1.58142292 -2.39553499 0.0616956204 0.754527569 -0.101336479 -0.161479533 1.06440973 0.404111385 -1.57472563 -0.230286866 0.868562222 -1.4036231 -0.898982406 0.46895054 -0.00624197721 1.14321828 -1.4021244 -1.9498142 1.00527179 -0.343979537 -0.841426849 1.37680137 1.38290203 0.0525422469 0.645779729 -1.29485011 0.00197699666 0.0657385886 -1.5494945 -0.213681668 0.934734821 2.00200844 0.435561359 0.530864477 1.11744428 0.0927815735 -1.81330681 -0.661144018 -1.21349049 2.06882977 -1.38089085 -0.152874857 2.7767508 -0.556054473 0.657237649 0.919591784 1.11798179
0.587954998 -0.264211774 -0.982394218 -0.716291904 0.699073672 -1.20041561 -2.59315014 0.569408119 -0.668099284 -1.64163291 -0.636517167 0.0118506104 -1.25090039 -1.07742453 -2.5061028 1.07646668 -0.919506073 -0.988231063 -0.309436679 -0.509088993 1.06774938 -0.318519384 -0.238905609 -0.0316165686 0.380956411 -0.289338768 -2.56322289 1.64813304 -1.42588949 0.409245312 1.62475252 -0.181978703 -0.938058496 1.95444691 -1.13172567 2.14989781 -1.51962948 -0.437278003 -2.22946548 -2.05486846 0.894138336 0.904888272 2.18925285 0.53668201 0.219075039 1.51552403 -1.07262707 2.43964767 1.90067518 -1.07241714 -0.786528945 1.6983695 -2.87832904 0.126650274 1.78045881 -0.786441445 0.909469366 0.146654949 0.00166092813 -1.33797979 1.06423354 2.05767727 2.47369766 0.0974803567
-0.231312633 -0.635950208 2.25358343 1.32817471 1.64247942 -0.228932709 -0.590054154 0.656123877 1.07990539 -0.995331883 2.55415416 1.06689775 -0.950296164 0.863747954 0.9495399 1.17033112 -0.0506478101 0.197699293 0.760388494 2.27411437 0.419591218 2.66194153 -1.04214847 0.0854978859 0.639572144 -0.572279096 0.488645792 1.30575216 0.426072001 -0.375588924 -2.14192247 1.01695883 2.12099957 0.882873893 -1.05582845 1.14484882 1.21201026 -0.148360372 0.472629279 -0.467775077 -0.0091868192 0.54566884 1.15846181 -0.0245797336 1.39478528 1.7982614 2.15762973 0.000373706222 0.686282516 2.23976851 -0.410353452 0.890270233 2.25733495 1.40667748 -0.419806331 0.514309883 -0.1583848 -0.6101197 -0.467310041 -0.989292741 -1.79125082 0.0372197405 -0.508568168 -0.303025007
-0.990005255 -0.764359236 2.00514579 0.381613284 -3.0251925 2.81964493 -0.322616607 0.532250524 1.73290002 1.21941757 0.493710577 -0.330448568 -1.67710066 2.25122285 0.578203201 0.315633178 -0.286416441 0.497072905 0.114375636 0.891546726 -0.571277618 -1.43201017 0.736972094 0.596908927 -1.41458142 -1.3216356 -1.56159139 0.784455419 1.16019964 -2.65095043 0.251082063 -1.21539223 2.04978108 -1.39709306 0.604872704 0.959394574 0.573978305 0.750115514 -2.25627232 1.49404597 -1.69151378 2.07591438 0.831697583 -0.127765894 -1.64161325 -2.7807107 -0.500685096 2.27407885 2.15870357 2.05602193 0.0673304349 -0.242536068 2.02111888 1.2091862 0.31135872 -1.08702445 0.32273972 0.139133871 -0.992294073 -0.812930107 -0.713523746 0.30588603 0.842007875 1.52766514
1.61226094 1.77295828 3.93576837 -0.538834691 -0.406094819 0.978134394 -0.24313432 1.31901562 -1.15045702 -1.08984756 1.98678041 2.89252496 1.98422265 0.831290245 1.66251004 0.641364098 0.559860229 0.422919959 1.26438582 0.439326137 -0.377035946 1.14611757 -0.286348134 0.539328098 0.105345622 2.43205929 -0.932988048 0.119607568 0.957077026 0.0267662406 0.795679808 -1.45214796 0.650593996 -0.678125858 0.419230133 0.0267683938 -0.174945623 -1.64521587 -0.762809277 -0.629006624 -1.55622447 0.217134073 1.68557417 0.59824723 -0.821840405 -0.102201194 0.558498621 1.93502259 2.21870136 2.08508706 0.636912823 -0.451093286 -1.12876093 0.788712621 -1.12495327 -0.979404211 0.574078083 -0.984014988 -2.64625931 -0.115992129 0.966229796 0.706905484 3.35665941 1.27464807
-0.37003687 -0.0289966464 0.307398945 1.28177917 -0.950026631 1.92348921 2.5023489 1.14300072 1.69118047 0.362776101 1.21699953 0.440837055 -0.328830302 0.485864371 1.69447112 -0.630819917 -0.340857685 -0.274745435 2.1894567 0.746264219 0.565277219 0.0404219925 0.859360218 -1.07908297 0.307753533 2.26953006 -0.0487061888 2.29318666 1.71332812 0.116012782 2.28199482 2.08024025 0.989325881 -1.64292192 0.901755095 1.16807735 0.188700169 0.741763115 0.933941603 0.0676574036 -0.604407907 -0.110191703 0.432568252 -2.43378973 0.742349744 -1.33914888 0.427087724 0.534754574 -1.12310755 2.45785356 1.97107708 1.15940678 -0.333404779 -0.359843045 0.80974102 1.35489714 1.53479373 2.05700803 -0.338574678 1.63904679 -0.157714456 0.221542746 0.312261045 -0.226540446
1.64139187 -0.459906906 1.09244394 -1.35347533 -0.119238347 0.56870532 1.44756949 0.0046762675 -0.125613272 0.0393212736 -2.35818648 0.0757139325 -0.81273365 0.843218565 -0.993510962 1.16055119 0.834023952 0.964908361 -1.45471644 1.62782466 1.90153623 1.94818211 -1.6159029 1.38966179 -0.168979675 0.225958496 -2.42344475 -0.902700424 -0.202940017 1.66470683 0.595587015 0.670937061 -1.24717045 0.52587688 0.276937425 -0.480057687 2.18429971 0.537088454 1.79157138 -1.09370387 0.862740159 1.39326918 2.07848811 -0.937891006 -0.915223241 -0.912901878 1.18457639 -0.155524611 1.8777144 0.344115376 2.13184547 0.465575099 0.803746819 0.601304531 1.35506094 -1.84815145 1.02931857 -0.183163077 0.0580541939 -1.31196821 1.55293214 0.471901178 -0.994768262 1.18531168
2.26854491 -0.0960157216 -2.59939504 -0.573934317 -0.605254531 0.218891561 0.456549555 0.456693351 1.28706014 -0.336474985 0.734950542 -1.87140095 0.657294393 1.22506356 2.40025258 2.16770792 0.2302818 -0.669281244 -0.498429149 -0.475325376 1.00348377 -0.280114323 3.64579201 1.7035048 -2.82636285 -0.709069848 -0.894071221 -0.051593408 0.559167981 1.12190092 0.136160076 -0.127564698 -0.0099927187 1.10411549 1.72922111 1.66760135 0.121185146 1.43532443 -1.2959013 0.472071201 -0.60736239 1.63116932 -2.2078023 -0.136291355 -1.12595248 -1.39346313 -0.313828439 -0.962894559 1.89204657 -0.232144564 1.33927929 0.924853206 0.0555345193 1.44870126 0.33127597 0.547417939 1.41273606 -1.50604153 1.83115602 1.21457911 -0.521967649 0.94734633 -0.628596544 -1.77772617
0.182492584 1.29824007 0.18291986 -2.36626172 -0.279779583 0.531858206 1.1367234 -0.720024943 0.606101573 0.742039919 1.21867657 -0.14468649 -0.948515415 -0.825091004 -0.905863881 0.467319995 1.74544847 -0.659891725 -2.22800398 0.149903968 -0.663879991 -0.802099466 0.544442117 -0.487274975 2.39347911 -0.189819902 0.876639724 0.0400688052 0.723823071 0.928690672 -1.58211434 -1.16061532 -1.60395336 1.08112335 1.72834206 -0.337721199 0.989587069 2.33508468 0.0658618882 2.22592807 0.27293244 -0.797010303 -1.97275722 -0.905974746 0.800230861 -1.1427238 0.0788727179 -0.968323827 0.910781622 1.56689155 -0.118665785 0.945092797 -1.03472567 0.73153615 1.20532846 -1.91916215 2.1772964 -1.29348683 -0.0281005949 -1.63050628 1.40010846 -0.274805456 -2.40337086 -0.34451142
1.36861169 0.671725869 -0.864707589 0.0228351057 -0.406970471 1.75157654 1.19749653 1.25915802 1.37308705 1.16484416 1.30454397 -0.0874774605 1.02520847 2.53529477 1.38200271 0.5671978 0.118972376 0.13495557 0.457721144 0.223003656 -0.124290258 -0.944846511 0.327738822 -0.51735878 -2.05142784 -0.339068532 -1.00541425 0.116357267 -2.24294066 -0.220452935 -0.272718579 -1.39575255 1.13218796 -1.74876976 0.661301613 0.574775577 0.58022815 1.27067912 2.15922785 0.0431102291 1.31174767 1.37530601 -1.7826041 2.32843852 -0.805570483 -0.515928864 -0.944285512 -0.773472667 1.40768528 0.657858372 0.503843427 0.300264537 0.314993083 -2.72703099 0.745200157 0.894293308 -0.598476171 0.579612017 -1.4768827 0.489912778 0.519142032 -0.940620542 0.843089223 -0.466557235
0.0379092768 1.45839608 0.931588769 0.630397439 1.49448764 -0.800222039 -1.05025554 0.015317902 -0.145032585 0.532606006 0.944864631 1.0669477 2.27668333 0.120423034 0.132033229 2.29405689 1.93327594 0.63319242 0.497730762 -0.551148891 -1.19288433 -0.213797301 0.48082903 -1.26070094 -0.722396135 -0.458967417 1.50867796 1.11376047 2.49018836 1.04178834 1.83393776 2.33043361 0.698352695 -0.441341549 1.60209811 0.00237032771 0.120687902 -0.31772837 -1.44056773 -0.567474246 0.394899666 1.51044571 1.56192458 0.341552734 0.526439846 -1.93000638 1.42613566 1.47744906 -1.82025397 0.604875267 1.29417336 2.08369589 0.733957648 -2.83916354 0.267498463 -1.42086029 1.19630396 0.452425838 1.29397798 1.72025681 0.690874457 0.459464431 -1.31498349 0.0862999409
0.0581489727 8.98092985e-05 0.909591079 -0.802626729 -0.523609519 1.68518472 1.50641334 -1.99660933 0.246605858 -0.820161462 -0.686951637 -0.503416896 1.65726519 0.296251118 -0.657889128 0.616523981 0.929031014 1.15833724 0.845228553 -1.64764071 0.277553558 0.50375849 0.759341836 -0.683096647 -1.08510065 0.484273583 0.156555489 0.142841056 -1.06747878 -0.48400411 2.47425342 2.23925424 -1.02196848 0.298981577 1.38574135 2.41608381 0.185925782 -0.275372624 -2.90909076 0.0487500429 1.40223157 2.00571513 0.774176836 -0.423062712 1.93603408 0.175107703 -0.236992925 1.59800863 -1.5116868 1.77126169 0.700684071 0.743612766 0.823460221 0.572321415 1.28710532 0.328529418 -0.715721369 0.894116521 -0.761871099 -1.1850642 1.41795909 -0.73986125 2.23452616 -0.380419105
0.558087707 -0.837480545 -0.0199053586 0.900455117 1.58599854 -0.0296653807 0.949640989 0.72982347 -0.848994017 -0.0284717679 0.800348639 -0.567207456 0.607397616 -1.19519269 0.678180099 1.58923733 1.463256 -1.13123727 -0.332963169 -1.68640816 0.118062615 0.785096049 0.0825509205 0.408540368 -2.44781065 -0.416108102 -0.45456478 1.51230645 2.23621345 0.0206828415 -0.422829658 -0.0475120246 1.003232 0.826678991 -1.20487666 1.07230246 0.596473217 -0.219029307 -1.25062561 -0.0739418715 1.82519054 -1.67114544 1.96269596 -0.0224573165 -0.205548972 1.67772424 -1.32912004 -0.474098057 1.53689015 -2.47312236 0.585326314 -1.83293962 1.9208746 -1.22990477 1.62017381 -0.283418983 -0.280834138 -0.510589242 0.7123698 0.15558137 -0.229201853 -0.734765172 -1.15963781 -0.392271489
0.736618042 1.37323999 0.620491445 1.90565264 0.413858682 0.232673615 -0.982339263 0.689065099 2.07286549 -1.13930285 2.3774662 0.331092179 -0.311098784 0.668302178 1.68341076 1.72377038 2.97255564 2.81382751 0.691838741 1.11924636 -2.20624948 2.00332499 -1.61412716 0.551300049 -1.01967525 0.52122426 -1.43981528 -1.77059507 0.588920057 0.381122291 0.375542909 1.72101223 -0.165564835 1.15264475 -1.34361625 0.239720225 1.77503252 0.124267243 0.313188255 -0.937247276 -1.866732 0.279342711 -0.916317225 0.546064734 -0.630107284 -0.459963053 -0.249601185 -0.392627686 -0.657612443 0.416351408 -0.708367467 0.965827107 2.16520524 -3.61331415 1.49309528 0.179382384 1.23571408 0.290511131 0.816987634 -1.64804518 -1.558514 0.352935523 1.1286602 -2.33804226
-0.4888542 -1.10817528 0.194374502 -0.166475058 0.232227504 -0.0408096015 1.26289523 1.25057065 -1.33999574 1.74725246 0.0648411959 -0.768326521 -0.376553386 1.70179796 -0.720563531 2.23168111 1.12678766 -0.0498236567 1.71486998 0.448843986 -1.19450259 0.139899254 -0.381971747 2.40458941 0.816905975 0.71713078 -0.50431478 0.511882186 0.506567001 -0.69771421 0.662898779 1.7014221 -0.192825347 1.54110205 -1.69690251 1.47728288 0.969005585 -2.59419727 1.15243649 -0.201768309 0.423411578 0.932983041 -0.895869136 1.36401546 -0.0586425811 -0.094297722 -1.04482543 -1.34356594 0.510680556 -1.81935918 -1.25512397 -1.56447458 2.20117235 0.760838389 -0.929103374 1.29400504 -0.100802422 -0.338032424 -2.04727173 0.66914916 1.03950262 -0.351692468 -0.185573816 0.167272076
0.241689369 0.621910691 -0.462672859 0.582664013 -0.41656819 0.97065413 1.18035734 -1.41501093 0.210230991 -0.210211456 0.177175716 0.994500041 1.10460508 2.12141681 -1.80942392 -0.675758362 0.658352137 1.22374713 0.75103116 -0.752039313 1.8339361 -0.236744553 0.997298598 -0.323195279 -0.502321243 1.71580732 1.50223124 1.02578855 -0.915635586 1.0686121 1.6298815 0.437776238 2.6250875 0.60956794 -1.36429346 0.426552087 -0.00273998082 1.96491146 0.121632762 -0.735802293 0.361082852 -1.07501101 -1.67455184 -0.88932097 -0.937402248 0.922055125 -0.0552543849 0.423991472 -0.429826409 1.89099586 0.703260422 -2.0403142 0.306035012 0.251032412 0.251494706 1.72778022 1.41681695 -0.252260566 -0.0528075099 -1.75098538 -1.20553696 0.151377529 1.16890502 -2.21450734
-0.963072419 1.15984178 1.42338049 0.0881082714 -0.28467676 0.00975066423 0.724196553 0.211016998 -0.874087572 1.08698881 1.80078757 0.53315115 0.992208123 0.722132206 -0.306968033 1.28871679 -0.744421124 -2.32906699 0.667167306 -0.803038597 0.194011807 -0.748087168 1.3904053 0.192195386 -0.667357206 0.566990614 -0.773630381 0.730346322 0.629557788 -0.037042886 1.03775132 -1.9610492 0.221910894 0.458195388 -1.7018863 -1.25542915 0.950631261 0.520946741 -1.41992104 -0.110852242 0.238736734 1.00475442 -1.07935834 0.830139041 0.456996113 -1.21268189 -1.1165334 -1.72399569 1.19979048 1.26571488 -1.58565474 1.28833711 1.55962551 0.521172523 0.813282132 -0.0432917029 -1.07626474 0.149601191 0.870594859 0.396789193 -2.08636093 -1.63615894 -1.07449985 0.0585822314
-1.71838403 1.32591283 -0.0944904238 -1.72272635 0.938679814 -1.17740405 1.88240981 0.948048949 -1.42375195 -1.14590359 -1.13873982 1.71441364 3.34500265 -0.584707737 2.11047864 2.15890574 0.273029059 0.335064888 -1.21303201 0.158906654 -1.19753599 -1.19109643 -0.281782657 1.05695558 0.544012308 1.84108663 -2.21860266 -0.0721286386 -0.532154679 -1.64961481 -1.58736074 1.04449379 1.25774324 1.86280775 -1.51704633 0.588576972 0.0740529969 -2.35577178 1.51640975 1.7279737 -1.40487885 0.12909995 1.70227551 -0.38359192 0.480475038 2.08042145 -1.3237046 0.975980282 1.59709311 -2.45916057 1.35315847 2.6512816 -0.983317018 1.02108276 1.0897764 -0.781739712 -1.22587013 0.37353611 -0.496626228 -0.0983879417 0.447384208 1.19937706 0.586745262 0.40096283
0.620282173 0.242011532 2.08276796 -1.5402832 -0.857913136 0.889258027 0.0208301097 -2.62059236 -1.73090959 0.115902349 0.591012776 0.941201687 -0.660129309 1.55499578 -1.15380001 0.47206369 0.932307482 -0.0414715558 -0.310335964 1.91311371 1.04794514 1.81564367 -0.881866217 0.0896614194 -0.555866718 1.9369179 1.90241206 -1.28806853 0.839661717 1.14834428 -0.448842496 1.57838523 0.583643019 1.1250478 -0.945616961 0.683579922 0.0197402686 0.549067914 -1.14215577 1.87243712 2.12647104 -0.233616561 -2.1592164 1.1542033 0.785264492 1.36663413 2.17430544 -1.94741857 1.24014151 -0.787334919 0.475874573 1.47651589 0.122423977 0.0113219321 -0.918113589 0.950022101 1.0008527 -2.54881048 0.845567942 0.821998358 -0.527583718 0.768980742 0.451614767 -0.725845456
1.34498119 -1.27987194 0.131508648 0.775006056 0.580562949 0.398109674 -0.0561534762 -0.795458436 0.707429171 2.90164948 0.597479641 -0.828533769 0.30485177 0.381020725 -0.659079552 -0.181058705 -0.152293682 0.444140643 -0.234510332 -0.0945815444 -0.380458981 -0.952913165 2.0825398 0.266971231 0.293677449 1.32076824 -0.661337018 -1.33624411 0.890368581 -0.31752491 -0.615870476 -0.864824414 -0.489706725 0.0815936849 1.09961474 -1.51227832 0.628482521 0.997190237 -0.651012778 0.0560420379 0.245994374 1.65584815 -1.69090712 -0.467339307 2.10004497 0.647942305 -0.759073377 0.447767287 0.896709085 1.49182796 0.482419491 0.336167037 -0.847923398 -0.131854296 0.330304503 1.328215 -1.18972516 -0.427659601 -0.0674299151 0.377466917 0.786189079 0.219697431 1.27934718 0.226177365
-0.573199749 0.196065158 0.0448578298 3.12840056 2.58291197 0.687692165 0.157781288 -0.205691606 -0.196139216 0.794642687 0.118896574 0.21292977 -1.44343412 2.08048487 1.08707571 0.160517395 -0.239831984 -0.186618388 -0.694725871 1.5439738 -1.72533894 -0.0366984457 0.45079577 -1.91991007 0.26115346 -0.392146081 -0.951537848 0.864420652 -0.965344191 -0.419578105 0.283558488 1.82347107 0.772145391 1.11055398 2.17218876 0.332258493 0.0919318348 -0.72690928 0.207856983 -1.17668521 -0.433190376 0.67738843 1.27887952 0.134894595 0.132963702 -1.78661013 -2.941365 1.65595984 1.35045648 0.116475359 -1.2726723 0.453534156 1.5396837 0.795637965 0.0849266499 0.555469453 -0.248246193 -0.241328359 -0.337701678 -0.373693138 1.472458 -0.0755798668 -0.938989758 1.15062904
-1.06350398 1.13570988 1.92107296 1.06164658 0.352438241 0.330935866 2.07761765 -1.36074936 2.58945251 -2.34814024 0.74761045 -0.341109544 0.110104524 -1.39252996 1.26222408 -1.07563031 -1.28496099 -1.78154147 -0.914701819 -1.28991973 -1.26932609 1.26533508 -0.302545607 -1.18556404 1.82308555 0.715039134 1.43366122 -0.631154299 2.45524502 0.768183112 1.24224329 -1.16693091 0.80657351 0.795320868 0.320424169 -0.472741455 0.420121491 -1.36893082 -2.55460072 0.163441002 -2.233706 -1.36739671 1.64923823 -1.39133632 0.763182521 -0.468258291 -1.74051356 0.484600544 -0.0417654514 0.210712612 -0.057262972 1.27261126 0.0532525107 1.16317701 -0.530886769 -0.11201185 -0.372799367 1.51739037 -0.137792379 0.785110354 -0.942555428 1.16999793 2.72765064 1.46510923
-0.622128129 -0.0261252224 0.933573484 3.38701034 -0.241513222 -0.747568607 0.630554318 -0.735559464 1.45879257 0.28961888 2.75568485 -0.378981024 0.104558364 1.70784652 -1.99678814 1.47833991 -0.740401268 -1.47890639 -0.658769369 0.303142339 -1.18355429 -0.63681519 0.201747149 -1.24782932 -0.338088334 -0.338416606 -2.87216735 1.03546286 -0.262488186 1.58970106 -0.857548594 -0.230551779 1.76442063 1.29920995 -1.09144437 -0.166626185 -0.24317193 3.06435061 0.92739141 0.651508927 1.96317649 0.433122188 -0.396683007 -0.506504416 1.23619318 0.0995671153 -1.16467106 -1.87272966 -0.917286038 -1.59176171 -0.762995243 0.463430047 -0.757107496 -0.256352425 1.57079852 0.97837317 2.68406224 0.68140924 0.852346182 -0.505762696 -2.03601933 0.780477762 -2.64854026 0.907137156
1.03566957 0.900010824 0.891484022 -0.772731185 0.648927152 -0.681758404 -0.223546565 -0.7811836 -0.277323216 0.422571778 -0.878620028 1.90957761 1.36625493 -0.678077936 -0.466142684 1.13605535 1.20824254 0.946332335 -1.49830699 1.06228471 0.617621422 -1.31330812 0.190263987 0.139865682 1.37888837 0.972493052 -1.15144694 -0.290586233 1.08990133 1.79301226 -0.86191988 1.34421766 -1.52552438 0.324151546 -0.481453866 1.4192977 -0.906442642 -0.190863431 -1.03491688 -0.993006587 2.61397982 0.73690927 -1.06211078 -0.710642338 -0.499465019 -0.999496579 0.390861034 -0.0195573866 0.465717375 1.9495666 -0.380995423 1.85862315 1.45618284 -0.746730685 0.229875594 2.10749388 1.05007863 -1.12442541 1.41113436 -1.79518831 -1.01714218 -1.20452332 -0.0593811274 1.2060883
0.597780228 1.99798083 3.34461021 -0.397966772 0.496547639 -0.722116113 -1.34008229 0.823116302 -0.286947072 -0.32883203 1.37388754 -0.413841814 -0.179708719 -0.700102925 -0.416212708 1.40896499 -1.76241314 -0.642022491 -0.0295915753 -1.16129303 -0.756014347 -0.661455035 0.85613358 0.320379615 1.12782359 0.918931961 0.621701956 -2.79837084 -0.409978777 0.713678837 0.163104042 1.41362989 0.620423198 -0.710847616 0.131890476 -0.387092441 -1.69457555 0.88987112 -1.1357007 2.48854184 1.57031679 -0.960270882 -1.7538172 0.665167809 0.0709294006 0.231325731 -0.147667944 -0.361671418 0.78885448 1.83431864 1.47948873 0.919707417 0.168359697 0.533063471 -3.36636209 -2.46071434 -0.336258143 -0.325208008 0.403845012 2.2395432 -1.19017816 -0.235529721 0.472478867 -0.0132908076
0.114529341 1.26276982 3.70557094 -3.21461511 0.991180182 -1.31020415 -1.48678672 0.00387947261 -1.11795366 -0.927472949 1.06116462 -1.14877832 -0.421421021 -1.38808715 -1.05281663 0.561090708 1.18669045 -0.0504191071 0.203040615 0.000402137637 1.10823369 1.68711519 -0.902332544 0.0110717416 -1.3151803 -0.557758451 0.587984085 -0.858033895 2.96014309 -1.20535815 0.0509511754 2.00783348 -1.21376073 0.153610244 1.20667493 1.48404014 0.587873161 0.2529006 0.152652502 1.32358158 0.1141482 0.388986379 1.28079629 0.964259148 -0.375731975 2.59532762 -0.0251120329 0.214789063 -2.33860421 -1.83422709 0.371185482 0.899990678 0.584538579 0.0507420525 -1.07620847 -0.152142137 0.510100007 -0.412943631 1.72210312 0.398516983 0.723184943 0.0890512615 -1.29502332 0.703441978
1.01983643 0.886027575 -1.03624094 1.73886609 0.00761893392 -0.36787203 0.437014133 0.329453707 0.946331263 -1.68380165 0.478851974 0.579991102 0.26595515 0.410669804 -0.73243463 0.573780358 0.180974871 0.167333826 -0.0481365174 0.680809021 -0.441697866 -0.0620440543 -0.928449154 -0.842920423 1.15499926 1.29349959 -0.830423236 -0.710143566 -0.458614558 -1.15394104 0.548354149 -2.12463593 0.295753181 -1.86229289 -1.41234803 1.3118546 -0.78613317 -1.17765677 0.943888903 -0.00299659371 0.277072608 2.40144348 0.917211056 1.18474782 0.8616575 -0.441647023 0.374344677 1.19335628 -1.92758429 1.55756199 -1.16507113 -1.78367198 0.082583271 -0.0428808481 -1.21447682 -0.027076304 -1.59581256 2.68025279 0.821538091 0.720536232 1.06617773 0.937642813 0.303715199 2.42772508
-0.0782299787 0.454655051 -0.176534742 0.799573183 -0.627085805 1.00108826 0.120197527 1.59872675 1.10959578 0.387909591 -1.42116117 -1.13736093 0.650573134 -0.0959002376 -1.40959001 1.55646336 0.641422272 0.274742901 -1.53997076 -0.642332911 2.72410941 1.26463628 0.0547567606 -0.21010524 0.452671677 0.58088696 1.92280459 2.10103512 -0.336295307 -1.25251532 3.49065542 -0.054052487 2.60686588 -0.519822359 0.798140287 1.19185829 -2.14954638 0.558567762 1.03400552 -0.146617293 -0.488335103 1.79694319 -0.587189674 -0.83881557 0.547444224 2.31907463 0.598023415 2.00302052 -0.12778154 -0.433956593 1.14595056 1.60429966 1.17705774 0.853740454 1.4284724 0.126728982 -0.83310461 0.956589341 0.75229454 0.289159954 0.766500115 -2.53901434 -1.34235597 0.0204206705
1.87668204 -0.990918279 0.60572356 0.835180163 -0.146581203 -0.293819427 -2.33069396 -1.60465193 -0.232025743 -0.768437624 2.82362604 -0.573894858 1.78019631 -0.395042628 0.158977345 -0.0367415398 1.92754591 2.25607514 2.51317525 0.00805586576 1.12458396 1.25233018 0.917990804 -0.395632893 1.24446523 0.0525925979 1.4513638 -0.0869974941 0.160786957 -1.19202614 -0.0960386544 -1.23528504 2.0947988 -0.971092343 -1.62114406 -1.79078484 -0.794122219 0.424461901 0.758223414 -0.214733839 0.176672056 0.0800042152 1.80464149 0.822704554 2.04898214 -1.57108974 1.08955443 0.844513059 -2.45006156 2.11809611 -0.990918279 0.725369215 1.70276904 -0.28444764 -0.681234956 -0.847780466 1.43213737 0.548841298 -1.30080807 -0.636414409 -0.0100594461 -0.238310695 1.1218164 -1.82540107
3.52285409 1.4451462 0.135711327 0.0208890736 1.37238157 -2.02539468 -0.158871323 2.89916492 1.14434552 1.12920082 0.13693881 -0.645614862 -1.72621286 -1.55361712 -0.700480461 -1.30457914 0.523207664 1.51989102 -0.966489077 0.527101994 0.535746813 1.39568758 0.891570687 0.724138618 -1.55602098 -0.139249235 -0.279043883 -0.0110176206 1.60461617 -0.00791414082 -0.211872607 -0.917192459 0.43466416 -0.956415296 0.858615875 0.587550223 0.155383334 1.62636399 -1.1997782 -0.0241819322 0.649771214 -0.803346395 0.137118176 0.244522601 1.11104393 2.72765231 -1.05764604 -1.39618528 -1.83260715 1.15456676 0.936093092 -1.05437577 0.352692544 3.79649472 1.03124046 0.31240046 -0.725395322 0.115768522 -0.367176265 0.755583048 0.0561737195 -0.0505439043 1.02307916 -2.25147343
-1.05962789 1.81372571 2.9679656 -0.844064713 -1.88361561 -0.762914777 0.580172539 0.0551740155 -0.500308633 -0.261152893 0.347462296 -1.75184131 -1.05826271 0.517751396 2.13331199 1.41330564 -0.368939966 0.553975821 -1.67004776 -0.261647463 0.0369181484 0.487541258 -2.70645499 0.389936894 -0.938748956 0.607841969 -0.742396951 1.25145173 -1.13258541 1.65033484 -1.76784015 -0.912086129 0.967469096 1.34621561 0.154249907 -0.231820256 1.99892271 -0.328981936 1.63145614 0.451037198 0.040491946 2.50241256 0.950330257 0.121638522 -1.53555691 0.424412608 0.805870056 2.59928465 1.05672622 0.633757472 1.35550594 -1.69072604 -0.918397069 0.495851785 -0.460133284 -0.118442982 -0.845808625 0.198334232 -0.48181662 0.0866064504 -0.427236468 -0.375222415 -1.40937185 0.070676744
-1.5022819 -0.551698327 0.44262442 0.252532154 0.769007206 1.22637105 -1.1905756 2.39233971 0.404426664 -0.121777475 -0.272411138 -1.83415473 -0.341946244 1.11290967 -0.670060635 0.0762193203 -0.807123184 1.16924131 -0.358401448 0.995104432 -0.494959861 1.18171751 1.56881118 0.167242438 0.533068299 -0.219925582 2.26684284 1.0798763 -1.14512253 1.03997099 -0.765282154 -0.126428694 -0.486417323 0.907604694 -0.197449327 0.474974364 0.425745487 -1.19884109 2.8139658 0.271604151 3.29661536 0.0223454684 -0.544418812 0.789291859 -1.48815763 1.94515479 0.431945801 -1.39006555 1.5874182 -0.0827687681 0.827234626 -1.43124914 -0.845218182 0.884500027 -1.00832939 1.01937604 1.44753015 1.45765018 1.66481316 -1.63583708 0.719452739 0.597823918 1.57487881 1.11093593
-1.22813213 1.17430699 0.704321265 -0.371896118 0.589127898 0.596964896 -0.00330576301 1.38440108 -0.170580298 1.02799249 -0.563135743 -0.690843225 0.635178089 -0.0290210843 0.196947187 0.286594421 -0.792672992 2.97241831 -1.89128101 -0.550158858 -1.38248146 0.469348162 1.68189585 -3.29006863 -0.517995715 1.78634477 -0.271782279 1.084324 -0.412266344 -0.45541659 -0.320871204 -1.24322796 -0.383644968 -0.676490307 -1.04732192 2.7949667 0.24972254 -0.692913771 0.793894529 1.25738466 -0.207181364 1.16817045 -0.163553953 -0.15268755 -0.183423787 -1.33174193 0.615413845 0.584239483 -1.25449288 0.266479343 -3.33227849 -0.694782972 -0.320836604 0.379599929 0.0986171216 -0.240200818 3.72795796 -0.381378144 0.10395357 2.11693668 0.00464117527 -0.0218332857 0.0660579279 -0.511011958
0.636954963 -2.22368884 -0.574412465 1.50120604 -1.80985379 1.34203005 -1.69978547 0.554276347 0.444306463 2.38488364 -1.21552074 1.32173717 -0.970291376 0.302639186 2.09887934 1.4351269 0.590536416 0.411548108 0.324943066 2.84663153 -0.506807327 -1.27039206 -0.371160299 -0.643611193 -3.2324369 0.863796592 2.23843694 1.04453683 -1.50696599 -0.0242528319 1.64258766 -0.704713345 0.43520999 0.815338016 1.68356586 -0.259980351 -0.348707557 -1.09223735 -0.488014907 0.659562111 -1.24137008 1.45690167 -0.955818772 0.215379775 1.40363836 -0.148465276 -0.999612927 -1.04741454 1.92912042 -1.36649203 -0.455860406 0.224820808 0.423055202 0.96986115 -0.202207804 -0.308307856 0.0329690948 -0.0896330476 -0.197860301 1.06812143 0.616680086 -0.997619867 0.66680789 -0.880190611
-0.237220645 -1.23300922 0.203751117 -0.656482458 0.769663095 -0.160610527 1.19359529 -1.09681308 -0.141737431 0.546372414 0.379920125 0.0932476521 0.118536286 0.563759208 -1.86785781 1.74641991 0.159192801 1.35212231 1.16203928 -1.03286588 1.48358965 0.988414049 0.437435776 -0.38946113 0.85038805 0.333665192 -1.92050183 0.494177043 1.3853327 -0.306226283 1.72675157 0.0378959849 1.07407689 -0.356526881 2.15004587 1.7752918 -0.980755329 0.188067466 1.06392908 -0.683064699 0.493795842 -0.365843028 -0.00946620107 -0.174455643 -0.243738532 -1.18984246 0.725038409 0.998052955 1.07994092 -0.880486846 -1.19507706 1.92667246 0.235111833 -0.54090488 0.600472808 -0.841725826 -3.01454282 -0.446805447 0.056235753 -1.75604737 1.2652657 0.84201932 0.949498415 0.13639161
0.877170444 -0.124674737 -0.173880547 -1.64816844 -0.736736655 1.33159554 -0.676702023 1.03211963 0.288210481 -2.16572881 0.578579187 1.16386306 -0.228498757 3.14899492 -0.368396312 0.900099993 1.11509323 0.414373815 -1.95063794 0.409198612 0.765616179 0.821246028 -1.39247215 0.064124845 0.471868455 -0.594355822 1.41286254 0.707861662 0.190315664 0.451547056 -1.52654254 0.269492596 1.32080913 -0.791248441 -0.0795356184 1.24117756 -0.0941383839 -2.43705106 0.418675005 0.11999806 0.178286791 0.303677678 1.17873561 0.89560616 -0.0188889056 -2.07419634 0.802547693 -0.683010817 0.0190589875 0.200854361 0.618718684 -0.767938018 -1.59994638 -0.626934767 -2.29907036 0.766910911 -0.182379872 -1.90384591 -1.71842706 0.0913349241 0.611626625 -0.900494576 -0.816195607 0.231768087
2.37805009 -0.770956516 0.585068345 1.10676253 -1.17248929 -0.229415298 0.0466806665 0.644870281 0.290727288 1.3714062 0.923674345 0.763396382 2.06030393 0.89866817 0.991017222 -0.980089068 1.41033232 0.0800895989 -1.43129921 -0.245889068 -0.923806667 0.667088985 -0.122542024 -2.51248431 -0.89466083 -1.52977264 0.0572197661 1.27217722 -1.86790884 -2.55516505 0.546758533 1.748101 0.440278471 0.281021535 1.51085246 -0.698130488 2.82393003 0.81553781 0.981944442 2.70599222 0.579013228 -0.990484953 -1.09210563 1.79480517 -0.558781743 0.472494602 -1.31058335 1.35771382 -0.953194022 -0.731676936 0.918547869 -1.78020215 1.22874224 -1.14883399 0.428762794 -0.171986192 0.506811321 -1.21356285 1.95287323 2.58561897 -0.658058882 -0.601638794 0.646718144 -0.0945459455
1.1141727 1.13842261 -1.54859662 1.80261612 -0.467460722 -1.20530844 0.485329956 -1.939237 -0.224967271 -0.289132237 -1.05647171 -0.40041396 -0.118697256 -0.407175571 -0.615158916 -1.18777037 -1.27956581 -1.42901409 -0.401905268 -2.18762946 -1.92527521 -1.25765407 0.250613749 -1.64571774 -1.86572635 -1.1319052 1.72264647 -0.785748124 1.12114835 0.213355601 -1.70219934 -0.000605732203 0.774766445 0.920628786 0.0235796422 0.918054938 -0.0399659425 -0.107148737 1.71091139 1.81150746 0.353853762 -0.357931405 -0.265301853 -0.998010516 -0.210081607 0.413550705 0.831912875 0.490746498 1.70584834 3.23923445 -0.476169497 -2.9535234 0.16900745 2.17122674 -1.73240626 1.46573782 -1.34470022 -0.597809792 2.07683182 -0.388269573 -0.074653402 1.12819088 -0.828080893 0.608736634
0.0284664407 -1.85747492 0.866515398 -0.0543415695 1.70331061 -0.583499312 -2.78286958 1.29849958 -0.324160218 -2.8226254 -1.74334824 -1.39906073 -0.467155844 1.28553724 1.73415446 -0.0813595951 0.257511258 -1.36987376 0.497895747 0.568929911 0.326099157 -0.449380726 -1.40535772 -0.349151731 1.04573548 -0.232351899 -0.19567737 1.6133002 0.0581611842 -0.505249619 -1.58888507 0.229184255 1.01360941 0.91291821 -0.447567135 -0.595658183 -1.60625017 1.53883672 -0.731785059 0.458239585 -0.966809869 1.00092614 -0.355811745 0.646998048 0.0263188705 -0.135309517 0.744027734 1.85304153 -1.10060811 -0.759406328 -0.798510194 -0.0178003162 0.550597787 -0.382819384 0.472157061 1.22522914 -0.021178633 2.27778149 -0.718614459 -0.0770376623 -0.565395236 -1.18914437 -0.905251503 -2.05066061
2.4921248 0.596380651 -2.05539942 -0.617312908 0.434954047 -0.142652661 2.57367992 -1.21129656 1.96037424 -1.83915722 -2.27083921 -0.442453295 -1.32172406 0.371399492 1.47619474 -1.51267099 -1.12786663 -0.451690286 0.582306027 -0.0406663269 -0.769541621 1.74580741 -4.1522522 0.182574794 1.90855479 1.38978422 -0.224263936 0.112872042 1.48817897 1.91865814 -0.621369123 -1.30827951 -0.430665642 0.36009872 0.248424649 -0.294133544 0.150106788 0.597918272 -0.963724136 -0.182161719 2.33256602 -0.843727946 1.35408533 -0.117763996 1.07572031 0.70704329 0.884067178 0.410731256 0.893345237 0.0750529468 0.0139273107 -0.691783071 0.0605319068 -0.405161947 1.82862389 -1.44368732 -3.06640673 -0.833351612 0.342514455 0.903677702 -0.704883695 1.89839852 0.0381214246 0.387465835
-1.50320792 0.358834684 0.741416812 -0.0848565996 -0.459290355 -1.0344913 0.836079478 0.927165151 -0.270252556 -0.0448353142 -1.90763915 -3.18059802 0.478886098 1.23534727 0.23544921 0.245274514 0.735552311 -2.66048646 0.222754478 -0.120702714 0.100016922 1.46695125 1.0350076 0.938713431 2.15049672 1.23546767 -0.597399116 1.54368758 1.66698289 0.872262239 -1.32982576 1.13628829 -0.464714319 1.11490262 0.471948147 -1.01923096 1.35792053 1.40847886 1.19320714 0.603334606 1.6961199 1.2579776 -1.3277998 0.347977459 1.27324903 -0.833311558 -0.549488425 -0.218628436 1.23604727 1.00914931 -0.547296286 0.0178437531 1.35948801 -1.7909869 -1.30050898 0.395078123 0.60747683 -0.287161529 0.89834094 2.95326471 0.167005762 -0.866010427 0.201882392 -0.260948539
-0.190478295 -0.960366607 -0.616317153 -0.974755287 1.80778313 0.353100657 -1.08846855 3.20558739 1.04152191 -0.621994138 -0.162705749 -1.5678736 0.939980507 2.03868961 1.42834914 -1.00803638 -0.416728765 0.0879348367 -0.379391521 0.921217084 -1.7518177 1.82707989 0.82604599 0.34170109 0.162419349 0.621136189 0.534165859 2.30670333 -0.0444751084 1.45336831 0.260594875 0.594352603 0.90030241 1.72099471 0.990718842 1.82350087 0.829801559 -1.54470885 1.95769703 2.69896603 0.598959923 0.791555285 2.31622362 2.1365509 0.998433828 -0.256472081 -1.96116292 -1.63310564 1.45612848 1.51992786 3.97984862 -0.945899129 0.022150889 1.4585005 0.129601866 -0.924510002 -0.0259775817 -1.48183143 1.47773087 2.17990685 -1.54255068 0.561803102 0.770308733 0.373943627
1.99774241 -0.785826206 2.30916739 -1.40768158 -0.722111583 -1.61265802 1.0209893 -0.470998377 0.378330767 0.405277014 -0.146206945 -0.745388627 0.36135152 -0.703437328 -0.196223766 0.446327567 0.275274992 -1.72414935 -0.810399055 1.56657255 0.375190169 -2.13276196 -1.6671977 0.135145932 -0.202082425 -0.494493097 0.0488260463 -1.76664734 0.896114826 0.679158807 0.724574566 0.68342638 -0.376462132 -0.903637171 -2.25970483 -0.0471594036 1.73972678 -0.394594938 0.65412426 -1.02948892 -0.219264179 3.15280223 1.3829155 0.663653493 1.05000997 0.953616858 -0.866448879 2.52140975 1.16206741 0.714472651 -1.08033061 -0.458987445 -0.208232701 -1.99272978 -0.178973407 1.22239852 2.06049776 1.52736843 1.06404912 -0.164007634 0.158025518 -1.87677801 -1.63161469 1.73381627
0.119966507 -0.674553871 0.455099463 0.71807456 0.700140238 -1.32983673 0.448655546 1.29814613 -0.319582343 1.52343535 -0.534597635 0.234773457 0.0164072663 1.83235562 -0.733316422 0.530701756 -0.722248077 0.713629961 1.08684409 1.03591311 -0.965950131 -0.511605382 0.914840937 -0.0448009521 0.428423643 -1.11800778 -0.38595435 -0.243553311 0.403737485 -0.670749784 -0.723757267 -1.01644886 -0.529415607 2.01359081 -2.00298595 0.219858974 0.202983394 1.12319994 0.209007233 0.889595509 0.830015302 1.16306913 -0.81539309 -1.10530818 -0.723087072 0.749951839 -0.761189103 1.86064386 2.40141201 -0.715186715 0.871165156 -0.474341601 -0.896472573 -0.998358488 -0.28660506 0.182629168 1.60558259 0.942280412 0.80179584 -0.625760913 -0.361348957 1.4491595 -0.417549282 1.12645948
0.334167123 -0.819142342 -0.293923616 0.434658051 -0.143657058 0.731156468 1.17320752 0.501882195 -0.554229259 0.971286774 -1.08615851 1.82923007 2.0527575 0.308196068 -0.491614074 0.0947796553 0.0625749305 -0.0547589213 3.46611786 0.0915113688 0.107823685 0.0228706002 -2.34357381 1.74822378 0.587939918 -0.818296313 0.457347721 0.10179431 -1.44083023 1.07219827 0.855513215 -2.63246894 -0.0840461999 2.99437189 -1.22457659 0.278135717 -0.484516412 -2.54145336 1.36219525 -0.173044801 2.5289607 0.256367683 -1.07432103 -0.706587553 0.482565761 -0.683106303 1.53319788 -0.13118273 1.28750908 -0.634937286 0.824092627 1.07673442 -0.370428592 -1.6343689 0.20156005 -0.389591187 -1.27919281 0.284561813 1.13844895 -0.295707762 -0.974053025 -0.2825149 -0.466910452 1.76341581
0.0876233876 0.927939653 -0.120353669 -0.210186601 0.0803511813 -1.64640617 1.01306295 0.475069374 2.15123558 1.74832571 -1.2016896 -1.85297048 1.62654984 -1.1866132 0.565776706 0.326434553 -1.6487664 1.92145538 -0.576354504 -0.416690201 -0.12852779 -1.22955382 -1.02066255 1.6158644 -1.03486598 1.47142017 1.1450038 -1.35467291 0.63251245 -2.41704082 0.630759358 -1.68025303 -1.54101634 -0.323542237 0.511204958 -0.345809221 -2.37284327 2.16516805 -0.172167331 0.289210975 -1.52536273 0.221940011 0.826024532 0.511805534 0.39417851 0.846535563 0.838552237 2.17983413 -0.963645577 -0.845782995 0.0701941401 0.279473186 0.0682729334 1.12418103 -1.27605855 0.347609848 1.62259901 0.225125581 -1.01829195 0.980745077 -1.66523671 1.56041133 0.54954356 0.97665441
1.42406034 1.9185822 0.13899973 0.310771465 -0.274402052 1.90287662 -1.2349416 0.127056256 0.76729691 0.276958078 -1.33677995 2.85608268 -0.145224035 1.26229382 1.78727198 -1.56326735 -0.324277818 -1.20282543 -0.546037316 2.72543192 0.815911531 -0.890067697 -2.1517899 0.186654836 -0.657981038 1.07944036 -0.0849408358 0.0853367969 1.73774028 0.19627063 0.0677688122 0.0711387247 0.109820321 0.982678056 1.18441677 0.172516882 0.762323976 0.195623323 -0.0461007208 -1.0388844 1.05988598 1.77640033 1.73265815 -1.74057698 0.749253869 0.849487901 -0.402173489 0.1646038 1.49604404 -0.676639795 0.716197371 1.00326324 2.02312493 1.7157625 -0.849597335 0.794319034 0.184642047 0.455747992 -0.253227174 -0.797510862 3.00316072 -0.978712797 -2.10221839 0.579546034
0.411100805 1.96263373 -0.594665408 -2.18464112 0.668947577 3.28313136 0.841114163 0.133565322 1.04411924 -0.184345007 -1.49233425 0.181850016 0.162990123 -0.339938819 -1.36949086 -1.72780323 -0.663981318 -0.891344786 -1.02353871 0.89545536 1.30882359 0.646889329 0.0946444795 -1.31150198 -2.37738299 -0.433842748 0.706947923 -0.341223061 1.29875636 1.30834532 0.0386549979 -0.13414064 0.919913888 1.03742266 -2.95949006 0.903966546 0.873080611 0.909179449 0.0703274906 -3.16447878 0.178068891 -0.975386262 0.361205757 0.794775009 -1.53190398 -0.783977389 1.73041797 -1.64065039 0.797219157 -1.35610569 0.799676299 -0.29542172 0.301071584 -0.226757437 0.0671892166 0.478214771 -1.58585942 0.341687173 1.53182232 -0.0294980258 -0.929155111 1.5704006 -0.899153233 -0.52299571
-1.87304127 0.626017094 0.387521386 1.66471946 1.55198252 2.55515432 0.242186517 2.07409549 0.991896272 -1.35634029 -1.30749595 1.0578717 -2.32670593 0.885396123 -2.80378723 0.910560846 -1.17610919 0.141677767 -1.00411952 1.4452014 1.54846048 -0.568603396 1.07178164 -0.692753911 -1.40304685 1.34195566 -0.462416083 1.14506698 -0.378021151 0.685842037 -0.79516232 -0.124371439 -0.168511003 1.11710644 1.36725318 -0.645344138 -0.764785528 -0.00729465485 -0.229271352 -1.27357447 0.193472952 -1.8358953 -0.797227263 0.158667833 -1.59459257 -0.531534076 1.48080039 0.199946731 0.160473302 -2.06827259 -1.43169808 -0.873987317 1.27418697 -1.16236746 0.0117390156 -0.753996611 -0.496478349 0.17472586 -0.754261136 -2.19607377 1.49268115 0.391867518 -0.148866624 0.625112176
-0.493413895 0.0368117988 1.71308935 2.09522319 -3.53155732 0.0485477969 2.81895328 0.239118889 1.90751517 -0.94757247 -1.69892561 0.881530881 0.519861519 0.025791876 2.90616918 -1.06844604 0.280808866 -1.24248922 0.425241917 -0.127821684 1.08469844 -0.624622226 -1.12781632 0.843009591 1.69403219 -1.64112747 -0.189529538 -0.499760062 -2.10036945 -0.848941326 2.91769505 1.8112216 -1.38645923 1.70831716 -0.0628658831 0.458459318 -0.235952139 0.047015667 -0.49198851 -1.80917537 -0.873840928 -0.971687675 -1.57779217 -1.11104143 1.432881 0.639068127 -1.48320186 -1.32702351 0.485592723 0.886370063 1.19405735 -0.30715996 0.640743315 0.200711399 -0.263318866 -1.34708846 0.705027699 1.01352799 0.726727843 -1.55949938 -0.480499595 0.0274815485 -0.533854008 0.886257052
-0.935214162 0.722102761 -0.125346065 0.516474366 0.513967454 0.669960856 1.62539184 0.29687947 -1.54258144 0.0402347371 -1.15067494 -0.352347285 -1.10741711 -0.88035965 0.246266887 1.92084491 0.507115602 1.02181506 0.402189761 2.13505149 1.63634956 -0.640502334 1.59851336 0.237763628 -2.60276532 -0.427528948 0.280776858 2.02808595 -0.515548706 -0.590847731 -0.542583466 -1.27445209 1.04132557 -0.530561328 0.524112821 1.19746649 0.635420084 -0.898786306 0.522851825 -0.110090137 0.786901236 1.43594027 0.736329913 1.78317356 -1.15689921 0.637694359 0.406054854 -0.886091948 -0.597677469 -1.11574936 -0.330895841 0.502173305 0.644107044 0.139110312 0.0201129466 -2.12635565 -1.62406659 -2.34970427 -2.07740355 1.11727798 -2.27745461 -1.1923188 0.679860353 0.415592641
0.815773487 0.592752337 -1.23213005 1.73819923 -1.33255661 -1.84949589 0.96274507 0.461230546 1.51177037 1.50663245 2.37137246 -1.26909912 0.721761346 0.299995124 0.0575555414 2.11998963 1.82053792 0.140080884 -0.306727111 -1.5528127 0.255910546 1.25087285 1.52203286 -2.2081759 2.0775094 0.198659271 0.286695391 1.89460492 1.89533865 1.20489359 0.128694639 2.28388834 0.290874124 -1.29535627 -0.148177087 0.461725712 0.18546854 1.3928268 0.987340689 -1.54060042 0.446383089 1.1623745 -1.39992857 0.495389044 -0.19976306 1.44905066 -0.769073367 0.130564153 0.436815321 0.741716623 -0.378838092 -0.578847885 0.207991958 0.906939268 -1.29483926 -1.50349951 -1.34164786 1.04179978 -0.166743189 -1.27624643 -0.030418694 0.18340984 -0.542959929 0.0482931137
0.946937323 1.8529942 -0.827451825 -1.19037688 2.16775775 -1.6824578 -0.701461315 1.79372978 0.970682502 -0.872105718 0.0165993273 -1.4817096 0.247697517 0.389307618 1.32880473 0.443388581 -1.19670069 2.48989105 1.13933611 -0.443496257 0.566855192 1.28076112 1.33111739 -0.986058831 -0.967966318 1.60030317 1.2751044 1.8649174 -1.59052634 2.92330098 1.64214838 3.16748548 -1.85866106 -2.44635153 0.84252882 -0.669428945 -0.256918788 -0.311831743 0.0273046121 1.57693684 2.79888821 -0.254579723 0.745258093 2.41919827 1.1126492 -2.68414712 0.577638149 -0.0769300908 -0.503875494 0.125214607 -0.446740001 0.601267099 1.30988586 -0.336297989 0.523951292 -0.142812252 0.204943955 -0.0157779306 0.260586172 1.21983933 -0.379768163 -1.27044356 1.30539238 0.830992341
-1.37476885 -0.980337143 -0.779797316 -0.616319537 -1.54978192 -0.201988608 0.78091836 -1.07107723 -0.540545583 2.44489527 -1.00834584 0.412104756 0.164693713 -2.74155712 -0.49953112 1.0661962 1.05985546 1.09113181 0.281713665 0.12950398 -0.471018046 0.0377365202 -0.57896626 1.73578155 0.909345746 0.245793402 -0.262696505 1.12255776 -1.01425242 0.771663666 0.79999876 -0.0731862932 0.144596562 1.07938957 1.12461805 -0.31255433 -0.35621348 0.95501101 -1.24074423 0.180498376 0.165579721 1.43022072 0.33643347 0.129127607 -0.262125671 -1.3219074 0.960183382 2.77178288 0.82560122 -0.518729806 1.60930026 -1.9396683 -0.551089168 0.630767405 1.09351778 -0.288723528 2.49463177 0.820000768 0.472954839 2.13355112 -1.03188252 -0.678048491 -0.58197999 2.99466038
-0.955379963 0.462456346 0.660458326 0.524281263 1.5087167 -1.01850605 -0.749122024 -0.706522822 1.79204357 -2.27343297 1.09596884 0.575646639 1.53526998 1.23216569 0.0595099628 -0.622802496 1.20156026 1.96801078 1.3231014 -2.63019896 -0.38489607 -1.04655957 2.16853476 -0.718425155 1.07824409 0.0905396044 0.336690396 1.12418306 -0.36917904 -2.17007542 2.80016518 0.0836736038 1.26855862 0.00154063106 -0.795178652 0.164814964 1.61088729 1.58001113 -1.3356781 0.874641418 -1.84468675 0.94142282 -0.531797528 -0.204149365 2.01364708 -0.414394826 0.669498682 0.439247817 1.1359942 0.0198739022 0.0588107184 2.174649 1.76707649 2.16923118 1.23949075 -1.63706779 1.36527574 -1.07506979 -0.767243624 -1.34238291 1.0413878 0.629321873 -0.543902397 0.999575615
-0.421945423 1.14500105 0.565268755 2.58649158 0.675156713 -0.462669283 -0.0445055068 -0.489628285 -0.734851003 2.44922686 -0.477328509 -1.03088439 0.290595055 -0.020676896 -0.882718086 -1.82332599 -0.074066624 1.11394966 1.23929036 -1.87612689 -3.92522669 -0.184069306 2.91627407 -1.31125629 1.41677976 1.56196439 0.549037337 -0.587002397 -1.91267741 1.09182727 0.160024285 -0.817850113 1.69214547 1.38600838 -0.880979896 1.14181173 1.37003458 1.46241975 0.690480947 0.954039216 0.0618674085 0.669338584 0.958224177 -0.761143088 -2.32900453 0.342697859 -0.642222762 -1.68559706 1.70941091 0.0995260179 0.43555361 1.31484079 -0.406541973 0.455869704 -1.32872009 2.58316827 1.35528302 -1.51055861 0.570876241 -0.64289248 -1.7267915 2.07156777 0.842802048 -0.645430565
2.02308846 -1.5098803 0.607312441 2.30494428 -1.3546176 0.623212039 -1.24204075 -3.17459655 0.771699071 -0.484181851 0.466258734 -0.306469142 -0.514619827 1.84067822 1.20029783 2.05239177 1.54040229 -2.13755441 1.13237607 -0.28705734 0.219777629 -2.88836646 -1.78768682 -0.907270908 0.418272704 -0.13797006 -0.205168426 -1.87878478 3.14854765 -1.42668748 -0.283402145 -2.35493135 -1.61451221 -0.152712077 -0.807658553 -2.06626034 2.49286389 0.371619165 0.851204038 0.357119322 0.417463601 -0.612594843 0.589691579 -0.487359494 0.354961753 -0.0374443233 0.451920271 -0.132306546 -1.9477905 0.0265096426 -0.0239523053 -0.146432996 1.04442132 -0.973980546 1.26489365 -0.900400162 -0.468380302 -0.935201526 -1.3160975 -0.89731276 0.193258509 1.97993851 0.403105646 1.76687837
-0.44812879 0.614109397 -0.132205844 2.57221556 0.850183845 0.0518439189 1.04905725 0.290156186 0.564823568 1.078583 0.577324867 0.0312497318 -0.0142810792 0.950142145 0.425908208 2.66809368 0.450854868 0.380908608 -1.36839628 0.00987690687 0.288169026 -0.813770652 1.45774698 1.1025666 1.48900068 0.813685656 -0.430987149 0.253810108 1.10608625 -0.721857309 1.14681852 3.30682015 2.08853436 -0.8244735 0.08729738 0.507388473 1.88639593 1.22928941 -0.216534913 -0.371032625 1.84458375 3.36455321 -2.30377555 0.00888751447 -0.206125438 0.860262871 0.432182133 1.40771484 0.0754554719 0.509539127 -2.08694553 0.717420459 -0.0785962045 -2.22732115 -1.11577594 2.65861368 -0.228772491 -1.36143959 2.73941445 1.49681699 -1.3023653 1.02106869 0.315377712 -0.613631248
1.71775949 0.790769339 -0.0579590499 0.890039086 -0.896535754 2.30322957 -0.986729383 -1.97922027 -0.37748751 -2.06668282 -0.235451639 0.17415221 -0.405819863 -0.0728006214 1.372383 -0.483917445 0.955875516 0.782980323 0.837993503 3.28512073 -0.679122448 0.706893921 -0.685021996 -1.7929076 2.20683789 0.615534902 -2.03475571 -0.0664211512 -0.388412207 -0.126103491 0.973126531 0.547794223 -1.05040658 -0.966028214 -0.0487272441 1.00589478 0.00610302389 2.2690618 -0.583746791 0.389364243 -2.39539528 0.110891424 0.276739299 -0.606878877 -1.01543844 -2.18415976 -0.457031041 -0.621619344 -0.513141632 -0.262834311 -0.827399611 2.00519466 -0.076415211 2.9349978 -0.310617507 0.649058104 0.768045902 -1.91001618 0.0730970353 -1.50631964 0.586522102 -2.12494445 0.64166069 -0.225657761
-1.03397346 -0.224582762 0.0961026698 1.33349276 -2.56082582 0.683025479 0.952507854 0.601463437 -0.418514818 -0.67650044 -0.564703465 1.14011037 -0.196472675 0.915701509 1.52347898 1.69883347 0.628382564 0.622705579 1.04038656 -0.874788642 1.60785484 -0.048718363 -0.497493118 1.19409895 1.2650857 1.68712425 -2.0143261 -0.326087654 0.46715948 -0.512707114 -0.493565947 1.19176805 0.924600482 1.67918432 -1.99422634 -0.502643704 -0.162786961 1.57092822 1.73586345 0.305761904 1.0808574 0.521896362 -0.12425521 0.318748713 -1.2705965 -0.925125122 0.540668249 -0.52058506 -0.424324125 -0.921441555 1.27911854 -0.237347066 1.62636721 -0.811492324 -0.320062518 -0.0147510767 -1.92061317 0.604073048 0.0595941097 0.306818217 2.98914552 -1.9654752 1.15436172 -1.2827909
2.77451587 0.797272682 2.89205408 -0.690576553 -0.254329026 0.648517251 -0.402287275 -1.45503926 -0.917303205 2.83654761 0.012115702 1.97386682 -0.358446091 1.31906915 0.398294121 1.40705538 -0.164599776 -0.343264401 -2.4228704 2.03151417 0.47813946 -0.503363132 0.128748059 -0.886212468 2.28917098 1.13792777 -0.631792188 -0.0850592405 0.319903105 0.855190873 0.218457788 0.840399742 0.0513069704 0.782913685 0.735232115 3.19691062 -0.058028385 1.24857008 0.289919138 -1.13739312 -0.726127505 1.15183353 -0.369987696 -1.14797723 1.53532588 -0.421714216 0.361619949 1.19881237 1.21170056 -0.677143455 0.122622743 -1.73235512 0.424424678 2.72288799 2.00724626 0.590389967 0.513389051 -2.58155656 2.09692097 0.754274845 0.986610413 1.65372336 3.22178125 0.102337673
1.66222703 1.57175696 0.417644292 0.903794169 -1.14596689 1.41052544 -1.69503891 -0.38281253 0.104177818 -1.7027632 0.77601254 0.600003004 1.38233805 1.58226192 -0.0343700349 0.572467566 -0.127323389 0.0966066271 1.24797904 -0.333813578 -2.03649163 -0.377795964 -0.0920718759 -0.199956566 -0.239287704 2.05947161 0.193468526 1.6301043 1.54451501 1.67991364 1.90960646 1.43193352 3.53078413 -1.50235856 0.264134437 0.0675749332 -0.0472849309 -1.06985605 1.87166572 0.18113485 1.21876097 0.436962485 0.699999928 1.20874691 1.75415683 0.206852391 -1.45257747 -1.7057308 1.25853884 -0.521791339 0.367767572 -1.65760982 1.25861156 0.174746543 -0.337224811 -0.690513015 2.78349781 0.48485592 0.146771953 1.3727206 2.94186711 0.830820799 1.37885582 0.928185821
-0.187923342 2.37623882 0.308999538 0.603643894 2.75433755 0.853742957 0.318999112 1.25690639 -0.591191411 -1.84757638 0.404110312 -0.232732892 1.56482637 -0.528797865 0.595642447 -2.41757631 1.49126732 0.56196928 1.03147542 0.316505492 0.875883937 -2.35416651 -1.30158246 1.30955458 0.256504118 1.60739827 0.098527357 -2.49542022 -0.764293194 -0.335640371 2.54213691 1.48072958 0.192280218 -0.472681433 1.15559864 -2.62099147 -2.10239792 0.0075942874 -1.38755631 -0.356409222 0.543164015 2.77390265 -1.98869336 -1.65407085 1.83114862 -1.06319964 1.75987136 -0.600666761 -0.82441771 0.817144394 1.81765187 -1.53757215 -0.573414445 -0.203845471 -0.825321198 -1.45883524 2.24191046 1.17857468 -1.42036927 -0.691201687 2.15766406 0.441050559 1.25528634 -0.292312086
0.442332149 -0.129749 0.356110841 0.509759068 0.750283718 0.320960045 -0.842773914 -0.137130499 1.11323404 -0.18227002 1.2679373 -1.01754618 -1.18487704 -0.464148551 -0.623472095 0.0845725983 -3.32622552 1.29218936 1.03782487 -0.447930783 0.126508787 1.61120641 1.91794097 1.35807943 1.75100589 0.692867398 0.138528064 -0.262504935 0.626727998 0.891267061 0.508824468 0.571770549 -0.322108984 0.532980502 -2.10158491 1.41351962 -0.355191737 -1.42566013 -0.31048438 -0.782608509 -0.451750726 2.90353441 0.854673743 -0.154527038 -0.562336087 -0.371163279 -0.648571491 0.14101021 -0.394749612 1.45713878 0.212941989 1.64658666 2.62412119 0.65692091 0.613688827 -0.446971506 -0.244267225 -2.31750822 -1.05393279 0.321767718 1.7515732 -1.27349234 0.287025541 0.791883707
0.986927986 2.47874284 -0.0684702247 -1.3279053 1.56620097 1.94827402 -0.212875068 -1.6090405 1.42838335 1.01290798 1.03614795 -0.425482363 0.821426153 -0.194429904 -0.192039013 0.365517199 1.00474191 -0.609727979 1.26782632 0.155608445 0.997815132 0.417271137 -0.66984427 2.51130772 -0.84527719 -0.521479487 0.385085464 1.70863259 -0.862280369 -1.49829078 -1.54037189 1.10761774 -0.758236051 -1.25117934 -0.495321959 0.252452344 0.495241731 -0.139630973 -0.407922357 1.15228415 0.270753086 -0.151130795 1.21623409 -0.797506452 0.822177529 1.03994501 -0.791606665 0.0842481107 1.77567554 -0.726837754 1.8172617 0.271584034 1.9291203 0.711699367 0.436593235 -1.42493272 -0.694849849 -1.98686373 0.455322057 -0.498297602 1.11845469 1.23350906 -2.17396712 -1.27783537
